Powder v3 config file                 c60 test                        
   2   0   1   0   0   1   0   0   0   2   0
10210 00001 00000 000
 1.5405  1.5443  .5      90.0    8.0     .8009   1.0     35.0    .0     
   1 .1  .95 .95 .95 .95 10.0    .01     90.0   
C60  .0      .0      720.66 
 .0      1.0                                                                               
 .002259 .9584                                                                             
 .004519 .8399                                                                             
 .006779 .6619                                                                             
 .009039 .45                                                                               
 .011299 .234                                                                              
 .013559 .0417                                                                             
 .015819 -0.1045                                                                           
 .018079 -0.1915                                                                           
 .020339 -0.2171                                                                           
 .022598 -0.1893                                                                           
 .024858 -0.1239                                                                           
 .027118 -0.0414                                                                           
 .029378 .0379                                                                             
 .031638 .0972                                                                             
 .033898 .1261                                                                             
 .036158 .1222                                                                             
 .038418 .093                                                                              
 .040678 .0408                                                                             
 .042937 -0.013                                                                            
 .045197 -0.0584                                                                           
 .047457 -0.0857                                                                           
 .051977 -0.0731                                                                           
 .061016 .0621                                                                             
 .070056 .0082                                                                             
 .081355 -0.0379                                                                           
 .090395 .0473                                                                             
 .101694 -0.0259                                                                           
 .110734 -0.0197                                                                           
-100.
      32
 .0      -0.0369 .0      .0      .0      1.0     .0     
 .0      .0      .0      .0      .0      .0      .0     
 77.3     198.73   539.29   .0       .0       .0      
 .0       .0       .0       .0       .0       .0      
c60 test                                                              
   1   4 1.0     .0  .0  .0 
F M 3 M             
c60     1 C60    .0      .0      .0      9.5     1.0    
                 .0      .0      .0      .0      .0     
 .0      .0      .0      .0      .0      .0     
 .0      .0      .0      .0      .0      .0     
 1.0     .0454  
 .0      .0     
 .00977 -0.00514 .00642  .0      .0      .0      .0     
 .0      .0      .0      .0      .0      .0      .0     
 14.1569 14.1569 14.1569 90.0    90.0    90.0   
 .0      .0      .0      .0      .0      .0     
 .99051  .0     -0.13376
 .0      .0      .0     
 .6466   .0008   .0     
 .0      .0      .0     
 .0      .0      .0     
 .0      .0      .0     
 .0     
 .0     
