FAp Test case FDATA Y-286 15-90 F.IN  1/32 F.OUT    29.7.98           
   0   5   1   0   1   1   0   1   1   1   0             LINE 2.1
00111 10010 10000 000                                    LINE 3
 1.54050 1.54430  .50000 90.0000  8.0000   .8009  1.0000 35.0000   .0000
   1 .10 .95 .95 .95 .95                                 CYCLS EPS RELAX P_CALC
   15.00   25.00                                         EXCLUDED REGION
C60    .1000  .1200  720.                             SCATTERING SET  1
   0.000      1.00000
  22.599      0.95840
  45.198      0.83990
  67.797      0.66190
  90.396      0.45010
 112.994      0.23400
 135.593      0.04170
 158.192     -0.10450
 180.791     -0.19150
 203.390     -0.21710
 225.989     -0.18930
 248.588     -0.12390
 271.186     -0.04140
 293.785      0.03790
 316.384      0.09720
 338.983      0.12610
 361.582      0.12220
 384.181      0.09030
 406.780      0.04080
 429.379     -0.01300
 451.977     -0.05840
 474.576     -0.08570
 497.175     -0.09030
 519.774     -0.07310
 542.373     -0.04010
 564.972     -0.00010
 587.571      0.03670
 610.169      0.06210
 632.768      0.07090
 655.367      0.06210
 677.966      0.03910
 700.565      0.00820
 723.164     -0.02280
 745.763     -0.04640
 768.362     -0.05750
 790.961     -0.05410
 813.559     -0.03790
 836.158     -0.01350
 858.757      0.01290
 881.356      0.03480
 903.955      0.04730
 926.554      0.04770
 949.153      0.03660
 971.751      0.01720
 994.350     -0.00550
1016.949     -0.02590
1039.548     -0.03910
1062.147     -0.04230
1084.746     -0.03510
1107.345     -0.01970
1129.943     -0.00010
1152.542      0.01870
1175.141      0.03220
1197.740      0.03750
1220.339      0.03340
1242.938      0.02140
1265.537      0.00460
  -100.0
      32                                                 PARAMS REFINED
   .0000  -.0369   .0000   .0000   .0000  1.0000   .0000 ZER DISP TRANS p q r t
   .0000 21.0000   .0000   .0000   .0000   .0000   .0000 CODEWORDS
    77.30   198.73   539.29      .00      .00      .00   BACKGROUND
  31.0000  41.0000  71.0000    .0000    .0000    .0000   CODEWORDS
Fluorapatite                                             PHASE NUMBER  1
   7   6  1.0000 .00 .001.00                             #ATMS #FU AFQPA PREFDIR
P 63/M                                                   SPACE GROUP
O1      6 O-1     .32537  .48663  .25000  .00000  .97876  LBL M NTYP x y z B So
                  160.00  171.00     .00     .00  131.00  CODEWORDS
  .00350  .00260  .00410  .00230  .00000  .00000          BETAS
     .00     .00     .00     .00     .00     .00          CODEWORDS
O2      6 O-1     .58913  .46860  .25000  .00000  .98454  LBL M NTYP x y z B So
                  180.00  191.00     .00     .00  141.00  CODEWORDS
  .00160  .00240  .00700  .00070  .00000  .00000          BETAS
     .00     .00     .00     .00     .00     .00          CODEWORDS
O3     12 O-1     .33962  .25918  .07217  .00000 1.00000  LBL M NTYP x y z B So
                  200.00  211.00  221.00     .00     .00  CODEWORDS
  .00610  .00310  .00310  .00290  .00210  .00140          BETAS
     .00     .00     .00     .00     .00     .00          CODEWORDS
P       6 P-1     .39651  .36655  .25000  .00000  .95406  LBL M NTYP x y z B So
                  230.00  241.00     .00     .00  151.00  CODEWORDS
  .00140  .00120  .00170  .00070  .00000  .00000          BETAS
     .00     .00     .00     .00     .00     .00          CODEWORDS
CA1     4 CA+2    .33333  .66667  .00251  .00000  .96913  LBL M NTYP x y z B So
                     .00     .00  271.00     .00  291.00  CODEWORDS
  .00110  .00300  .00300  .00200  .00150  .00000          BETAS
     .00     .00     .00     .00     .00     .00          CODEWORDS
CA2     6 CA+2    .24139  .99187  .25000  .00000  .96654  LBL M NTYP x y z B So
                  250.00  261.00     .00     .00  121.00  CODEWORDS
  .00200  .00200  .00270  .00110  .00000  .00000          BETAS
     .00     .00     .00     .00     .00     .00          CODEWORDS
F       2 F-1     .00000  .00000  .25000  .00000 1.00016  LBL M NTYP x y z B So
                     .00     .00     .00     .00  281.00  CODEWORDS
  .00250  .00250  .01290  .00120  .00000  .00000          BETAS
     .00     .00     .00     .00     .00     .00          CODEWORDS
.108E-02   .0454                                         SCALE Bo(OVERALL)
   11.00  311.00
  .00977 -.00514  .00642  .00000  .00000  .00000  .00000 U V W CT Z X Y
   80.20  320.10   50.50     .00     .00     .00     .00
  9.3728  9.3728  6.8866 90.0000 90.0000120.0000         CELL PARAMETERS
  100.50  100.50  110.50     .00     .00  100.50
  .99051  .00000 -.13376                                 PREF1 PREF2 R/RCF_ASYM
   60.30     .00  300.50
   .6466   .0008   .0000                                 NA NB NC (MIX_PARAMS)
   90.50  320.30     .00
   .0000   .0000   .0000                                 NA NB NC (HIGH SIDE)
     .00     .00     .00
   .0000                                                 PEARSON ASYM.FACTOR
     .00
