 15.000    .020  90.000 PS1286 90MR21 Y286 DOUBLE  T=19X2        15.000
    609     612     673     619     627     609     549     635  15.140
    649     627     569     602     591     614     598     600  15.300
    581     596     588     601     606     633     614     598  15.460
    624     626     598     539     574     562     612     620  15.620
    583     589     555     580     599     551     614     588  15.780
    578     587     617     594     612     660     569     546  15.940
    603     591     562     566     543     581     578     562  16.100
    630     562     568     562     566     584     555     637  16.260
    566     590     544     575     534     563     557     588  16.420
    566     572     580     609     566     553     585     573  16.580
    540     564     583     589     622     628     652     649  16.740
    827     950    1138    1354    1264    1129     864     710  16.900
    616     581     568     531     528     519     526     536  17.060
    525     540     564     529     513     543     479     518  17.220
    496     540     543     518     495     494     537     486  17.380
    516     454     503     526     470     509     506     484  17.540
    501     520     500     478     465     520     485     494  17.700
    495     469     517     521     500     513     477     528  17.860
    481     493     503     517     464     475     460     447  18.020
    487     462     522     432     430     460     480     469  18.180
    468     435     493     473     502     451     480     465  18.340
    501     482     524     466     442     437     433     460  18.500
    459     431     451     453     443     460     490     449  18.660
    469     404     465     484     484     568     527     575  18.820
    647     722     780     739     658     552     508     460  18.980
    440     489     463     451     442     426     450     440  19.140
    470     441     437     446     418     437     431     411  19.300
    449     404     414     425     400     407     425     440  19.460
    453     446     438     447     417     405     429     456  19.620
    431     427     406     392     404     420     419     393  19.780
    395     394     395     395     384     398     405     417  19.940
    391     397     382     375     393     363     376     385  20.100
    408     393     400     381     410     386     396     395  20.260
    407     402     415     376     376     395     409     388  20.420
    401     398     419     417     364     393     411     421  20.580
    387     359     359     362     393     356     384     366  20.740
    409     353     385     372     381     382     353     377  20.900
    364     365     391     346     352     348     349     367  21.060
    355     361     391     346     340     343     341     377  21.220
    381     348     361     358     395     389     348     323  21.380
    362     319     334     390     394     390     340     412  21.540
    384     392     351     430     397     389     380     456  21.700
    495     584     679     830    1239    1766    2047    1757  21.860
   1435    1067     923     550     422     425     407     421  22.020
    382     359     384     380     359     338     331     343  22.180
    327     344     324     305     338     319     354     308  22.340
    317     345     314     334     340     375     322     328  22.500
    382     342     337     336     343     330     348     338  22.660
    381     374     398     361     420     470     541     646  22.820
    852    1249    1664    1651    1488    1188    1008     775  22.980
    493     443     393     349     340     332     317     325  23.140
    352     312     318     302     340     321     327     350  23.300
    315     308     289     320     306     280     343     322  23.460
    337     292     309     325     327     328     274     277  23.620
    279     317     340     264     290     322     297     280  23.780
    293     306     282     295     299     269     308     342  23.940
    295     304     306     320     295     276     304     269  24.100
    299     312     307     279     259     272     299     295  24.260
    305     299     325     270     304     290     259     291  24.420
    285     279     284     288     258     304     266     276  24.580
    292     296     289     283     269     271     329     311  24.740
    327     285     284     259     307     313     294     258  24.900
    267     271     295     277     260     264     289     277  25.060
    261     302     301     306     331     277     334     320  25.220
    278     301     325     339     368     385     490     641  25.380
    739     779     684     570     560     524     502     457  25.540
    470     490     511     571     627     661     845    1016  25.700
   1446    2133    3618    6183    8558    8354    7182    5297  25.860
   4445    3426    1796     881     682     579     561     502  26.020
    444     407     376     321     306     307     283     284  26.180
    287     289     225     294     267     255     274     247  26.340
    257     261     253     277     246     284     251     268  26.500
    279     236     257     240     242     249     237     262  26.660
    253     262     223     223     244     232     243     248  26.820
    229     239     229     223     240     243     223     218  26.980
    237     240     255     258     254     234     231     222  27.140
    264     249     241     231     229     225     239     232  27.300
    247     249     209     211     238     224     238     238  27.460
    214     228     225     235     229     246     221     244  27.620
    248     232     231     220     270     245     270     250  27.780
    244     262     291     291     311     335     314     366  27.940
    409     458     659     858    1422    2347    2760    2658  28.100
   2132    1711    1585    1259     787     548     469     470  28.260
    394     329     309     293     260     266     236     251  28.420
    219     247     246     249     208     251     237     266  28.580
    248     208     248     216     245     257     286     264  28.740
    283     280     309     309     300     346     357     388  28.900
    425     529     771    1127    2062    3345    3677    3349  29.060
   2435    2050    1977    1466     800     420     389     295  29.220
    294     282     285     260     260     240     248     216  29.380
    197     221     207     217     206     220     217     188  29.540
    200     213     212     199     212     206     209     190  29.700
    189     194     248     198     232     188     179     210  29.860
    182     191     204     190     199     185     192     170  30.020
    228     197     197     172     206     198     211     161  30.180
    177     181     192     217     180     203     175     200  30.340
    193     181     187     173     197     198     201     185  30.500
    186     168     202     180     208     159     184     200  30.660
    193     202     185     181     201     205     161     173  30.820
    176     192     214     190     194     201     188     226  30.980
    197     195     191     196     191     206     194     218  31.140
    198     217     216     236     209     245     244     251  31.300
    239     255     277     236     264     281     325     297  31.460
    338     372     369     421     518     516     610     645  31.620
    706     836     951    1036    1237    1437    1923    2794  31.780
   4895    9140   15609   19693   18463   13577   10549   10691  31.940
   9629    6704    3443    1979    1616    1419    1435    1526  32.100
   2118    3218    5704    8147    8564    7099    5155    4680  32.260
   4682    3687    2194    1087     763     660     537     463  32.420
    434     387     363     342     281     274     272     309  32.580
    293     309     294     284     343     328     413     393  32.740
    467     518     529     527     672     708     821     866  32.900
   1001    1349    2044    3670    7199   11796   13515   11786  33.060
   8180    6689    7161    6222    4114    1964    1038     813  33.220
    707     577     482     399     362     332     297     263  33.380
    249     204     236     252     236     219     240     189  33.540
    224     218     191     221     226     211     209     224  33.700
    228     240     233     231     300     293     334     316  33.860
    311     377     404     450     475     603     903    1628  34.020
   2862    4568    5206    4558    3291    2640    2879    2616  34.180
   1836     911     588     433     342     306     304     289  34.340
    249     211     198     179     197     184     175     176  34.500
    182     180     167     170     159     161     151     172  34.660
    152     162     155     136     162     135     146     141  34.820
    160     144     145     144     144     121     174     126  34.980
    153     141     137     133     157     150     147     149  35.140
    175     142     145     140     157     155     164     173  35.300
    147     193     178     191     179     170     213     211  35.460
    211     256     382     611     935    1077     914     671  35.620
    580     591     568     510     285     214     183     171  35.780
    199     168     168     142     129     140     149     140  35.940
    159     136     129     139     151     160     142     137  36.100
    155     132     140     143     137     128     141     136  36.260
    121     130     135     145     147     121     146     115  36.420
    149     125     136     134     131     136     131     136  36.580
    127     138     129     150     133     123     133     153  36.740
    126     134     130     143     134     140     133     104  36.900
    131     121     148     143     143     132     125     121  37.060
    118     150     146     126     131     150     125     127  37.220
    131     115     137     129     136     152     137     143  37.380
    133     138     134     139     122     129     116     138  37.540
    160     121     132     121     152     107     119     116  37.700
    110     128     135     126     129     115     118     114  37.860
    130     131     116     135     106     157     109     127  38.020
     92     128     113     135     126     122     132     100  38.180
    133     137     127     121     132     166     181     177  38.340
    189     160     139     152     131     138     128     124  38.500
    114     116     134     120     128     126     150     115  38.660
    127     127     133     138     135     134     134     139  38.820
    122     129     130     140     129     143     147     154  38.980
    184     166     148     173     212     171     194     217  39.140
    206     298     457     783    1203    1340    1214     886  39.300
    625     711     740     698     477     310     236     190  39.460
    210     173     172     160     152     155     159     175  39.620
    178     177     198     232     205     285     301     303  39.780
    321     354     371     457     552     862    1519    2994  39.940
   4433    5091    4087    2588    2133    2397    2645    2481  40.100
   1542     815     488     386     314     262     242     219  40.260
    195     170     168     143     181     173     143     188  40.420
    170     148     168     170     226     346     514     659  40.580
    763     675     440     375     388     480     432     367  40.740
    277     229     222     203     160     204     170     157  40.900
    159     130     135     128     118     138     109     108  41.060
    114     126     101     100     107     122     130     118  41.220
     98     120     113      99      99     102     125     116  41.380
    107     114     106      96     117      96     103     128  41.540
    118     140     104     106     136     103     112     109  41.700
    104     111     122     138     111     132     114     161  41.860
    140     150     144     148     120     163     185     168  42.020
    204     216     309     487     774    1208    1360    1102  42.180
    757     534     599     746     696     569     370     257  42.340
    247     305     387     392     363     252     241     230  42.500
    264     235     209     144     143     120     150     126  42.660
    134      92     122     133     119     105      96     116  42.820
    100     130     117      98     120      91      83     101  42.980
    113      99     111     102     108     102     122      91  43.140
    114     116     106     114     115      94      93     122  43.300
    117     105     116     106     108     103     111     101  43.460
    129     111     104     131     113     141     147     149  43.620
    150     140     179     148     164     216     217     372  43.780
    587     964    1067     955     681     439     462     594  43.940
    588     555     375     232     166     167     126     114  44.100
    122     117     118     120      88     117     112     115  44.260
    120     108      92     115     107     106     115     129  44.420
    120     125     121     168     198     300     410     385  44.580
    338     278     190     218     260     244     217     158  44.740
    138     124     126     137     100     109     103     106  44.900
    138     121     115     104     100     113     107     125  45.060
    142     134     134     120     149     150     170     206  45.220
    237     364     698     903     968     741     449     357  45.380
    436     509     519     427     283     177     133     126  45.540
    121     126     110     115     123     115     112      98  45.700
    109      97     104     111     117     117     100     111  45.860
    108     113      93      98     111     122     106     103  46.020
    112     105      94     108     106     112     130     111  46.180
    108     117     133     113     107     116     132     128  46.340
    128     129     134     148     123     149     151     171  46.500
    225     247     270     326     362     344     359     385  46.660
    394     484     622     906    1524    2942    4671    5580  46.820
   4666    3110    1876    1829    2387    2906    2797    1927  46.980
   1142     641     445     342     298     298     277     196  47.140
    189     159     177     164     149     149     124     145  47.300
    117     125     111     108     131     130     113     116  47.460
     99     110     112     129     115     127     118     118  47.620
    114     121     106     120     130     114     126     104  47.780
    102     133     142     133     130     119     122     177  47.940
    190     192     178     184     217     239     222     258  48.100
    383     455     778    1527    2404    2771    2358    1442  48.260
    904     794    1206    1451    1457    1072     618     361  48.420
    233     204     234     198     183     176     145     151  48.580
    162     147     145     151     173     158     176     205  48.740
    269     394     689     860     857     669     404     309  48.900
    370     457     539     432     319     241     202     176  49.060
    174     189     158     165     177     209     213     249  49.220
    286     315     341     324     396     372     439     476  49.380
    612     746    1301    2269    4258    6307    6854    5518  49.540
   3255    1990    2071    2969    3637    3485    2452    1282  49.700
    728     484     366     310     296     272     258     203  49.860
    191     175     152     153     148     148     134     152  50.020
    135     129     132     119     118     115     117     108  50.180
    101     128     119     134     120     119     138     137  50.340
    160     179     157     173     215     214     202     224  50.500
    212     232     267     332     381     511     845    1572  50.660
   2667    3483    3132    2098    1216     941    1133    1561  50.820
   1779    1639    1077     592     389     272     234     200  50.980
    199     171     201     169     164     139     150     138  51.140
    135     148     167     166     179     177     206     233  51.300
    231     239     252     249     314     387     571     979  51.460
   1946    2887    3192    2514    1534     920     846    1209  51.620
   1612    1685    1359     799     463     322     234     227  51.780
    195     203     178     166     149     154     167     174  51.940
    171     181     225     210     204     203     248     279  52.100
    333     453     605     902    1388    2035    2564    2483  52.260
   1863    1178     859     914    1159    1397    1304    1052  52.420
    614     333     243     228     184     179     160     162  52.580
    168     168     144     118     145     118     136     122  52.740
    137     154     153     194     176     197     219     237  52.900
    221     233     268     285     324     407     615    1140  53.060
   2128    3195    3481    2983    1786    1116     922    1219  53.220
   1768    1937    1787    1248     830     535     406     304  53.380
    237     210     240     260     241     216     133     150  53.540
    124     107     128      92      96     106      96      90  53.700
    114     107     108      75      97     102      99      97  53.860
     94      94      96      89      92      91      90      95  54.020
     89      88      90      89      79      81     102      92  54.180
     85     105      96      86      92      85      84     109  54.340
    153     181     192     161     149      98     115     128  54.500
    141     131     117     108     103      92      82      94  54.660
     92      73      85      93      73      78      80      74  54.820
     89     102      80      78      66      80     101      78  54.980
     75      75      75      79      85      81      83      81  55.140
     76      76      67      73      79      83      87      75  55.300
     70      84      73      73      93      84      82      84  55.460
     73      98      89      84      92     101      90     104  55.620
     95     100     115     122     104     124     113     122  55.780
    126     117     117     154     161     139     152     170  55.940
    216     302     496     734    1175    1447    1337     901  56.100
    555     381     418     529     695     779     690     519  56.260
    271     183     159     156     117     126     110     100  56.420
    120     109      89      90     119      94     117     138  56.580
    149     149     147     132     108      98      99     132  56.740
    131     113     126     104     131     130     171     157  56.900
    160     119     120     103     119     131     174     167  57.060
    161     150     146     150     184     296     460     649  57.220
    734     594     391     252     208     259     296     357  57.380
    412     310     245     147     129     115      92      91  57.540
     82      82      86      83      78      67      83      95  57.700
     85      91      83      73      99      94      76      72  57.860
     71      76      79      84      76      89      86      87  58.020
    104      89      81     113      84     100     114      97  58.180
    127     127     128     181     255     382     429     320  58.340
    234     164     123     186     189     257     287     303  58.500
    262     181     147     115     118     110     121     123  58.660
    127     114     109      84     104     105      90      91  58.820
     73      64      79      77      91      95      88     121  58.980
    134     172     198     228     199     132     102     110  59.140
    113     140     142     139     128     121      77      89  59.300
     92      84      85      81      65      82      55      87  59.460
     74      79      79      69      71      66      83      74  59.620
     83      82      76      82      79      66      78      92  59.780
     75      57      78      73      77      90      85      81  59.940
    106      94     100      89     134     100     117     118  60.100
    141     153     187     283     466     757     943     898  60.260
    716     412     283     242     301     405     501     517  60.420
    430     333     243     147     142     114     160     164  60.580
    183     182     277     481     683     878     910     697  60.740
    436     260     235     277     327     480     530     446  60.900
    269     198     164     125     101     113      92      95  61.060
     84      96      99      71      64      85      85      95  61.220
     53      90      79      70      86      82      92      62  61.380
    105     101     101     115     107     115     108     111  61.540
    136     142     176     238     318     520     750     840  61.700
    672     465     316     273     308     392     569     769  61.860
    917     773     549     338     187     165     202     234  62.020
    309     340     300     192     172      93     118      91  62.180
     92     101      97      80      93      76      77      77  62.340
     75      76      75      77      64      76      83      81  62.500
     76      80      82      92      79      74      81      79  62.660
     86      76      75      91      87      92     102     103  62.820
     98      96      96     125     120     128     115     126  62.980
    159     151     147     175     154     178     210     310  63.140
    393     643    1176    1711    2231    2049    1443     823  63.300
    505     477     497     800    1038    1129    1071     696  63.460
    429     294     225     190     168     189     129     137  63.620
    136     180     188     230     307     374     372     365  63.780
    262     220     194     209     274     295     354     492  63.940
    805    1139    1487    1638    1407     888     533     382  64.100
    407     491     670     856     933     858     700     588  64.260
    629     938    1241    1228    1006     679     408     312  64.420
    315     422     574     695     702     521     388     213  64.580
    165     104     140     117     100     109     105     102  64.740
    108      78      95      92      85      80      89      81  64.900
     85     103     107     107     112      94      92     112  65.060
    109     122     130     134     126     160     159     175  65.220
    208     291     456     739    1100    1265    1214     860  65.380
    503     368     321     376     499     736     935     861  65.540
    669     425     261     205     178     172     212     234  65.700
    219     201     168     125      92     103      75      99  65.860
    103      68      71      89      76      77      81      80  66.020
     71      68      67      71      75      71      75      85  66.180
     83      85      66      68      77      90      78      86  66.340
     78      96      86      88      91     105     117     119  66.500
    141     187     313     409     432     451     429     352  66.660
    314     229     198     195     239     270     303     223  66.820
    217     204     161     127     106      84      86      96  66.980
     65      75      68      75      56      66      52      71  67.140
     64      58      62      67      82      52      74      64  67.300
     54      66      56      81      65      61      64      64  67.460
     70      80      78      64      60      61      71      59  67.620
     75      63      59      62      49      62      47      72  67.780
     63      61      58      58      54      58      65      53  67.940
     62      61      78      57      72      56      52      46  68.100
     80      60      65      51      58      82      61      55  68.260
     63      57      60      61      58      76      67      67  68.420
     74      85      87     147     122     115     126     104  68.580
     95      83      80      78      91      90     102     104  68.740
     83      81      73      73      60      74      59      73  68.900
     61      73      59      53      71      61      64      68  69.060
     75      74      61      66      75      62      75      67  69.220
     49      69      71      73      87     100     128     125  69.380
    123      98      93      67      87      76      68      75  69.540
    113     108      87      75      88      80      84      88  69.700
     77      82      79      68      76      70      95     102  69.860
     95     130     175     262     394     458     463     375  70.020
    270     196     157     151     150     194     253     271  70.180
    262     265     159     145      82      98      72      88  70.340
     67      80      87      96     108     141     143     134  70.500
    104      89      72      86      75      85      75     108  70.660
    105      92      82      67      60      82      66      81  70.820
     66      63      56      76      82      85      70      90  70.980
    104     110      94      97      73      71      76      64  71.140
     74      72     100     101     113     142     139     122  71.300
    110      82      97      51      70      81      81     105  71.460
    114     108      92      71      66      74      85      87  71.620
    103      94     101     107     102     129     117     152  71.780
    177     191     186     186     171     193     262     438  71.940
    706     876     869     734     501     314     226     183  72.100
    176     285     361     440     497     453     338     216  72.260
    155     125     148     126     150     127     119     130  72.420
    117     102      91     136     135     142     188     239  72.580
    325     527     658     629     496     341     214     190  72.740
    143     169     157     291     301     332     323     285  72.900
    152     141     118      94      90      99      76      77  73.060
     73      96      94     109     107     131     157     118  73.220
    132      89      62      85      80      86     101      85  73.380
     92     111      87      77      75      71      64      77  73.540
     75      68      68      82      72      61      61      66  73.700
     84      80      64      84      71      80      85      86  73.860
    101      82      94     101      94      98     110     112  74.020
    136     150     231     325     468     510     540     463  74.180
    424     481     646     794     801     699     538     453  74.340
    396     334     313     259     318     365     444     447  74.500
    347     270     164     127     144     111      93      96  74.660
     90      75      95      77      77      91      92      71  74.820
     89      90      77     103      81     105      90     114  74.980
    157     215     242     247     224     161     128     100  75.140
    103     114     139     143     157     196     182     197  75.300
    166     198     215     321     273     288     257     223  75.460
    222     289     381     593     934    1118    1013     801  75.620
    530     308     253     225     239     277     351     479  75.780
    531     506     447     270     190     190     132     123  75.940
    130     113      88     106      87      74      94      79  76.100
     94      87      78      72      84      93     110      85  76.260
    107      95     105     114     116     138     205     312  76.420
    419     440     428     350     210     173     120     153  76.580
    135     176     196     242     278     285     230     196  76.740
    187     142     128     173     176     214     320     428  76.900
    532     508     447     380     272     238     240     270  77.060
    362     473     748    1087    1450    1530    1246     801  77.220
    528     358     286     274     340     418     519     752  77.380
    874     957     987     943     769     592     385     285  77.540
    212     199     200     214     258     281     423     373  77.700
    331     318     178     144     128     107     106     117  77.860
     99      67      97     100      89      89      85      81  78.020
     81      66      77      90      77      96      97      86  78.180
     91      98     121      94      97      97     132     169  78.340
    221     271     295     284     249     238     261     332  78.500
    538     842    1189    1135    1034     722     502     364  78.660
    274     219     246     319     379     516     632     603  78.820
    454     338     232     156     139     106     110      97  78.980
     95      91     109      89      75      83      81      69  79.140
     74      71      58      72      68      67      78      57  79.300
     69      65      69      58      72      79      71      59  79.460
     66      61      51      64      54      69      83      45  79.620
     64      79      65      53      55      60      65      66  79.780
     53      66      77      75      68      62      68      61  79.940
     56      57      60      52      72      54      48      67  80.100
     61      46      62      56      64      61      59      59  80.260
     68      62      51      39      55      69      52      73  80.420
     58      64      57      71      55      64      56      56  80.580
     73      69      60      79      71      78      80      73  80.740
     61      76      92     136     147     164     138     115  80.900
     90      77      79      88      76      78      83      90  81.060
    119     106      92      91      94      83      91      64  81.220
     89      64      88     120     143     167     241     249  81.380
    248     172     139     117      89      88      88      95  81.540
    109     121     138     142     179     142     112      95  81.700
     90      84      91      91      96      83     124     145  81.860
    182     206     189     164     121     113     118     106  82.020
    136     131     133     174     227     346     404     454  82.180
    392     274     230     148     144     106     103     120  82.340
    137     159     186     221     194     197     149     118  82.500
     85      80      65      77      78      92      84      91  82.660
     98     139     166     168     215     185     147     129  82.820
     96     109      76      76      94      92     109     105  82.980
    150     141     135     125     117      99     102     132  83.140
    124     178     188     238     223     169     154     118  83.300
    116     119     137     137     179     216     271     349  83.460
    304     258     216     178     221     242     290     307  83.620
    396     365     431     557     701     833     746     592  83.780
    371     253     263     239     205     241     256     270  83.940
    319     357     419     387     327     242     188     141  84.100
    117     134     151     147     211     258     337     422  84.260
    384     344     272     224     213     176     209     242  84.420
    342     499     685     748     679     539     402     294  84.580
    200     196     215     200     208     238     314     320  84.740
    389     325     228     168     138     122     117     115  84.900
     94      87      76     105     101     101      90      97  85.060
     83      70      76      90      78      82      83      87  85.220
     99     139     156     160     184     143     126     114  85.380
     70      84      71      90      99      96      93     112  85.540
    119     126     117      94      89     101     106     111  85.700
    122     149     187     244     344     343     309     207  85.860
    170     145     121     106     102     121     108     123  86.020
    149     186     193     170     145     124      98      99  86.180
     85      96      82      84      79      85     107     101  86.340
     97      91      77      69      67      84      66      71  86.500
     73      70      83      78      94      95      90      86  86.660
     71      66      57      69      80      76      85      85  86.820
     71      81      90      85      62      74      70      79  86.980
     80      74      78      84      87      93      92     106  87.140
    104     113     107     121     124     147     151     225  87.300
    323     469     736     753     699     518     366     241  87.460
    247     206     241     293     349     476     557     585  87.620
    580     476     422     297     236     256     216     192  87.780
    188     216     225     279     303     293     244     231  87.940
    207     172     185     193     227     267     393     465  88.100
    510     456     366     266     222     209     169     150  88.260
    130     152     164     179     227     321     328     294  88.420
    250     180     143     130     139     113     103      94  88.580
    102     106     106     101     109     120     153     136  88.740
    148     136     143     169     189     228     309     389  88.900
    664    1014    1271    1330    1056     779     496     330  89.060
    286     229     222     210     256     269     379     527  89.220
    698     649     602     464     298     185     167     146  89.380
    126     123     124      94     112      96      75      79  89.540
     70      66      67      79      71      74      86      44  89.700
     67      85      58      67      59      66      65      84  89.860
     85      92     120     138     127      97      78      90  90.020
     93      77      81      86      71      70      88      83  90.180
    107     103      99      95      92      79      72      72  90.340
     80      71      47      64      69      77      67      74  90.500
     68      58      59      60      72      69      56      60  90.660
     62      59      62      55      63      57      59      59  90.820
     52      58      48      66      67      64      58      62  90.980
     58      58      55      63      59      63      67      66  91.140
     50      65      54      65      68      85      78      80  91.300
     98      84      94     113     123     181     200     342  91.460
    429     457     418     285     217     166     140     143  91.620
    133      95     113     115     152     161     224     268  91.780
    275     235     196     140     114      90     100      96  91.940
    107     113     127     168     226     291     294     234  92.100
    179     126     103     103     105      95      86      90  92.260
     79      96     127     150     168     140     136     105  92.420
    103      86      88      74      66      72      67      71  92.580
     74      78      78      92      88     102     116     135  92.740
    165     140     124     104      93      74      88      83  92.900
     91      83      94      86      81      88     110      83  93.060
     92      96      85      63      77      67      63      76  93.220
     61      74      69      51      79      68      69      63  93.380
     51      62      62      61      65      65      69      65  93.540
     69      89      67      70      55      63      66      66  93.700
     88      83     116     151     130     124     114     112  93.860
     74      71      79      71      65      65      71      81  94.020
     70      91     107     123     123     104      87      97  94.180
     73      89      89      90     108     135     138     115  94.340
    107     102      77      82      64      61      60      72  94.500
     73      65      78      72     107     112     104     109  94.660
    102      77      68      49      52      63      55      66  94.820
     61      65      60      57      64      64      55      60  94.980
     53      43      52      70      55      52      58      58  95.140
     83      56      58      49      46      73      59      60  95.300
     66      55      65      61      67      54      73      58  95.460
     62      58      71      69      49      67      76      87  95.620
     76     100      90      96      79      75      85     110  95.780
    122     139     184     211     203     197     146     128  95.940
    129      86     104      94     103     114     105     134  96.100
    161     187     257     236     177     186     159     130  96.260
    134     150     146     190     242     240     258     245  96.420
    216     201     185     165     157     153     128     147  96.580
    186     249     312     465     511     564     462     343  96.740
    259     185     149     139     136     141     139     147  96.900
    157     159     254     232     347     358     404     377  97.060
    363     340     285     223     196     213     263     305  97.220
    336     337     312     251     211     228     238     268  97.380
    280     260     256     222     209     199     203     210  97.540
    243     216     258     218     235     227     307     417  97.700
    466     468     354     341     204     155     128     144  97.860
    127     123     118      96     111     124     183     190  98.020
    234     249     231     162     139     140     107      87  98.180
     89      98      75      92      74      71      86      64  98.340
     65      78      68      65      75      76      87      78  98.500
     79     100      89      85      77      95     105     116  98.660
    116     158     195     248     235     233     172     139  98.820
    125     114      94      81     117     106      92     114  98.980
    109     138     149     194     246     313     343     438  99.140
    444     443     354     295     243     224     195     207  99.300
    146     137     111     141     142     129     182     210  99.460
    235     246     234     208     187     159     155     133  99.620
    144     130     105     101      98     101      76      89  99.780
     80      85      97     102     108     112     115     146  99.940
    173     255     302     462     468     392     337     271 100.100
    182     168     128     127     138     118     134     127 100.260
    139     127     192     204     255     295     280     268 100.420
    215     218     210     218     271     366     427     376 100.580
    362     275     189     178     136     139     119     153 100.740
    159     153     180     279     310     343     431     399 100.900
    359     290     221     178     151     118     124     116 101.060
     93      97      99     121     139     161     159     178 101.220
    160     147     122     115     113     120     125     145 101.380
    179     212     198     188     180     128     102     108 101.540
     92      74      78      80      77      81      85      95 101.700
    100     122     135     152     121     159     169     165 101.860
    157     193     183     175     134      91      99     101 102.020
     90      83      74      70      65      73      74      90 102.180
     76     112     107     110     127      95      87      68 102.340
     69      83      74      74      84      75      77      60 102.500
     80      71      75      77      56      63      58      69 102.660
     65      58      68      65      73      55      52      73 102.820
     65      71      91      69      62      72      57      90 102.980
     68      71      61      73      64      79      80      80 103.140
     82      65      77      81      86      87     105     120 103.300
    119     159     161     166     187     174     176     172 103.460
    226     325     446     501     545     439     362     255 103.620
    195     172     146     148     150     153     161     161 103.780
    137     154     169     214     254     289     325     315 103.940
    257     240     202     206     193     185     135     140 104.100
    125      85     101     106      91      95      91      96 104.260
     90     102     112     124     128     158     161     161 104.420
    146     189     178     185     212     290     371     544 104.580
    660     671     631     520     351     265     198     171 104.740
    138     146     138     147     123     152     145     164 104.900
    216     251     313     418     403     335     312     215 105.060
    180     143     159     136     124     164     122     162 105.220
    173     237     310     414     573     541     503     374 105.380
    268     230     185     150     142     123     116     139 105.540
     99     133     133     146     161     215     273     289 105.700
    310     314     229     148     146     121     107     113 105.860
     82      74     104      88      85      89      81      79 106.020
     86      60      81      86      81     117     135     125 106.180
     98     118     108      92      77     110     106     140 106.340
    147     222     234     231     227     166     157     104 106.500
    117     114      87      92     100     110      92      89 106.660
     88      96     104     124     129     155     162     150 106.820
    168     133     174     195     215     256     286     222 106.980
    184     140      99     113     105      88      96      85 107.140
     93      94      82      93      93      99     121     121 107.300
    146     126     165     130     114     109      81      86 107.460
     85      69      57      87      62      54      66      68 107.620
     52      64      66      60      70      66      69      64 107.780
     70      66      69      53      80      74      63      63 107.940
     44      71      74      55      64      62      59      69 108.100
     75      65      65      70      81      70      76      72 108.260
     75      72      83      84      71      77      65      59 108.420
     68      67      70      54      70      61      71      72 108.580
     64      85      84      75      86      66      80      99 108.740
     83     100     111     131     167     184     199     180 108.900
    147     138     112     101      98      96     120     133 109.060
    142     192     219     202     173     150     151     115 109.220
    184     118     128     150     128     129     111      88 109.380
     86      82      91      97     134     129     127     140 109.540
    147     123     143     167     188     209     189     177 109.700
    153     123     108     103      90     108      99     111 109.860
     94      80      83      91     101     101     119     108 110.020
    128     121     133     139     115     124      96     107 110.180
    105      77     114     114      90     103     123     117 110.340
    141     133     132     151     202     247     325     394 110.500
    516     524     582     623     587     524     369     313 110.660
    236     181     168     164     148     129     132     134 110.820
    130     152     208     223     269     328     337     363 110.980
    380     327     373     352     328     240     188     187 111.140
    155     108     106     105     100      92      80     109 111.300
     88      90      76      91      91     101      98     117 111.460
    141     129     119     134     113     118     133     127 111.620
    122     123      97      79      89      84      70      76 111.780
     76      68      76      92      65      62      77      67 111.940
     90      95     119     147     154     144     133     119 112.100
    104      76      90      94      86      82      89      68 112.260
     77      74      88      72      85      82      87      90 112.420
     74      96     100      92      95      79      86      94 112.580
     96     100      99     103     135     166     190     224 112.740
    228     203     202     135     128      96     112     103 112.900
    102      97      88      75      85      92      85     116 113.060
    131     153     175     252     249     303     248     225 113.220
    194     110     122     104      92     104      90     109 113.380
     98      97      82      98      94     120     140     132 113.540
    165     182     187     167     139     137     121     100 113.700
     80      90      82      94      92     101     117     146 113.860
    156     138     135     109     107     110     109     107 114.020
     86     100      92      69      77      82      62      84 114.180
     90      80     117     100     112     111     132     131 114.340
    131     120     133     161     196     246     300     288 114.500
    237     232     191     170     137     124     109      98 114.660
     99     113      97      96     100     110     106     102 114.820
    114     125     165     219     223     258     269     269 114.980
    244     269     242     194     192     175     167     183 115.140
    194     263     345     430     534     592     538     457 115.300
    344     283     244     178     170     187     196     162 115.460
    154     177     176     152     153     148     188     198 115.620
    207     254     283     329     301     290     238     210 115.780
    153     136     131     127      96     109      95     106 115.940
    109     105      79      96     102     115      92      91 116.100
     98     111      77      70      88     108      90      97 116.260
     92      90      82      74      68      81      86      85 116.420
     91      84     105     104     125     174     203     225 116.580
    216     230     189     159     147     134     135     159 116.740
    190     183     147     170     116     140     130     104 116.900
    118      94      93     115     133     146     157     176 117.060
    162     148     126     129     123     128     119     168 117.220
    178     206     217     237     222     224     189     173 117.380
    184     128     126     108     104      71      87      70 117.540
     95      94      91      68      80      69     105      89 117.700
    109     128     147     143     152     150     122     118 117.860
    132      94      94     108      88      90      77      76 118.020
     74      72      75      69      72      63      75      67 118.180
     74      59      69      73      76      76      75      78 118.340
     52      68      83      78      88      73      79      78 118.500
     61      68      57      66      72      64      61      64 118.660
     60      60      76      72      72      75      68      85 118.820
     87      95     122     118     152     149     129     131 118.980
     87      90      65      74      74      93      74      82 119.140
     86      85      71      84      86     114     130     157 119.300
    171     176     163     144     139     111     117     111 119.460
     99      99      87      68      73      96      74      75 119.620
     90      63      86      75      58      94      85      81 119.780
    119     118     119     101      99      87      76      75 119.940
     87      70      76      56      58      65      68      73 120.100
     69      58      56      60      72      71      70      69 120.260
     56      75      62      68      64      68      68      70 120.420
     73      86      78      83      79      83      72      81 120.580
     69      73      59      72      59      97      76      96 120.740
    100     126     156     152     160     172     156     155 120.900
     84      91     101      94      94      78      78      79 121.060
     78      64      78      82      66      77      82      67 121.220
     84      83      97      93     108     111      90      90 121.380
    119     103      94     104     100      78      89      75 121.540
     72      82      65      56      82      67      69      62 121.700
     85      67      74      59      66      56      76      60 121.860
     60      80      75      67      80      86      87      85 122.020
     83      65      65      88      65      68      78      68 122.180
     89      61     102      77      90      71      73      62 122.340
     80      86     101     110     108     143     198     190 122.500
    201     186     218     176     145     136     135     114 122.660
    110     119      88      88      77      85      88      87 122.820
     80      71      84      90      87      78     108     121 122.980
    107     120     137     144     160     145     139     128 123.140
    115     124     154     163     164     199     210     227 123.300
    221     207     161     163     150     143     148     153 123.460
    166     208     232     280     285     289     240     238 123.620
    186     161     131     131     120     132     144     160 123.780
    154     180     150     163     156     148     150     147 123.940
    162     131     142     160     170     183     191     199 124.100
    200     184     185     165     119     117     136     105 124.260
     85     113     117     114     119     110      92     108 124.420
    121     130     154     180     194     240     280     245 124.580
    264     302     287     219     174     164     167     139 124.740
    109     103     111      99      97      97     105     102 124.900
     94      96     123      93     108     101     132     151 125.060
    172     157     193     212     230     212     199     176 125.220
    144     127     101      91     110     107      81      78 125.380
     94      85      82      78      92      81      76      80 125.540
     79      86     101      76      73      81      81      89 125.700
    109      93      79      83      66      83      79      97 125.860
     68      71      71      68      77      67      84      78 126.020
     92      79      83      80      76      71      77      75 126.180
     70      64      84      79      91      81      82      96 126.340
    111     142     119     137     148     114     128     112 126.500
    103     106      84      84      87      96      89      84 126.660
     79      94      99     105     118      95     103     116 126.820
    134     146     173     234     240     300     303     285 126.980
    308     279     275     256     277     277     238     235 127.140
    194     206     181     185     138     158     144     161 127.300
    210     220     232     260     251     212     184     191 127.460
    207     196     198     225     199     180     208     200 127.620
    190     223     224     238     243     251     300     333 127.780
    318     310     294     239     206     213     200     216 127.940
    191     184     167     137     114     109     102     112 128.100
    118     112      98     110     119      86     126     120 128.260
    117     121     136     149     184     168     168     152 128.420
    147     154     116     114     104      97      99      89 128.580
     82      87     106      78      89      87      88      76 128.740
     78      77      86      88      95      85      88      77 128.900
    100      68      71      62      60      73      71      72 129.060
     73      61      77      71      76      71      74      81 129.220
     59      68      68      69      93      57      71      78 129.380
     86      63      78      77      84      85      78      98 129.540
    100     105     102     135     144     165     202     212 129.700
    221     196     188     157     140     114     110      95 129.860
     90      96      90      82      82      84      84         130.000
