laB6                                                                  
 NO. OF PHASESZ     1
  NO. OF REFLECTIONS IN EACH PHASEQ    34
 BRAGG POSITIONSZ

 lab6 simulation                                   
   21.371 K1+000+000+001+4251.    
   21.425 K2+000+000+001+2115.    
   30.400 K1+000+001+001+2844.    
   30.477 K2+000+001+001+1415.    
   37.459 K1+001+001+001+900.7    
   37.555 K2+001+001+001+447.9    
   43.526 K1+000+000+002+450.2    
   43.639 K2+000+000+002+223.9    
   48.979 K1+000+001+002+1096.    
   49.108 K2+000+001+002+544.7    
   54.012 K1+001+001+002+708.2    
   54.156 K2+001+001+002+352.0    
   63.247 K1+000+002+002+198.6    
   63.421 K2+000+002+002+98.75    
   67.578 K1+000+000+003+108.0    
   67.578 K1+001+002+002+285.0    
   67.768 K2+000+000+003+53.70    
   67.768 K2+001+002+002+141.7    
   71.779 K1+000+001+003+321.0    
   71.983 K2+000+001+003+159.7    
   75.880 K1+001+001+003+243.1    
   76.100 K2+001+001+003+121.0    
   79.908 K1+002+002+002+47.50    
   80.145 K2+002+002+002+23.65    
   83.886 K1+000+002+003+172.4    
   84.141 K2+000+002+003+85.89    
   87.835 K1+001+002+003+275.3    
   88.108 K2+001+002+003+137.3    
   95.721 K1+000+000+004+48.87    
   96.033 K2+000+000+004+24.41    
   99.695 K1+000+001+004+166.7    
   99.695 K1+002+002+003+90.50    
  100.030 K2+000+001+004+83.38    
  100.030 K2+002+002+003+45.26    
 NPTSZ 4501
 THMINZ  10.000
 STEPZ   0.020
 YOBS    YCALCZ
      45.     45.
      45.     45.
      45.     45.
      44.     44.
      44.     44.
      44.     44.
      44.     44.
      44.     44.
      44.     44.
      44.     44.
      44.     44.
      44.     44.
      44.     44.
      44.     44.
      44.     44.
      44.     44.
      44.     44.
      44.     44.
      44.     44.
      44.     44.
      44.     44.
      44.     44.
      44.     44.
      44.     44.
      44.     44.
      44.     44.
      44.     44.
      44.     44.
      44.     44.
      44.     44.
      44.     44.
      44.     44.
      44.     44.
      44.     44.
      44.     44.
      44.     44.
      44.     44.
      44.     44.
      44.     44.
      44.     44.
      44.     44.
      44.     44.
      44.     44.
      44.     44.
      44.     44.
      44.     44.
      44.     44.
      44.     44.
      44.     44.
      43.     43.
      43.     43.
      43.     43.
      43.     43.
      43.     43.
      43.     43.
      43.     43.
      43.     43.
      43.     43.
      43.     43.
      43.     43.
      43.     43.
      43.     43.
      43.     43.
      43.     43.
      43.     43.
      43.     43.
      43.     43.
      43.     43.
      43.     43.
      43.     43.
      43.     43.
      43.     43.
      43.     43.
      43.     43.
      43.     43.
      43.     43.
      43.     43.
      43.     43.
      43.     43.
      43.     43.
      43.     43.
      43.     43.
      43.     43.
      43.     43.
      43.     43.
      43.     43.
      43.     43.
      43.     43.
      43.     43.
      43.     43.
      43.     43.
      43.     43.
      43.     43.
      43.     43.
      43.     43.
      43.     43.
      42.     42.
      42.     42.
      42.     42.
      42.     42.
      42.     42.
      42.     42.
      42.     42.
      42.     42.
      42.     42.
      42.     42.
      42.     42.
      42.     42.
      42.     42.
      42.     42.
      42.     42.
      42.     42.
      42.     42.
      42.     42.
      42.     42.
      42.     42.
      42.     42.
      42.     42.
      42.     42.
      42.     42.
      42.     42.
      42.     42.
      42.     42.
      42.     42.
      42.     42.
      42.     42.
      42.     42.
      42.     42.
      42.     42.
      42.     42.
      42.     42.
      42.     42.
      42.     42.
      42.     42.
      42.     42.
      42.     42.
      42.     42.
      42.     42.
      42.     42.
      42.     42.
      42.     42.
      42.     42.
      42.     42.
      41.     41.
      41.     41.
      41.     41.
      41.     41.
      41.     41.
      41.     41.
      41.     41.
      41.     41.
      41.     41.
      41.     41.
      41.     41.
      41.     41.
      41.     41.
      41.     41.
      41.     41.
      41.     41.
      41.     41.
      41.     41.
      41.     41.
      41.     41.
      41.     41.
      41.     41.
      41.     41.
      41.     41.
      41.     41.
      41.     41.
      41.     41.
      41.     41.
      41.     41.
      41.     41.
      41.     41.
      41.     41.
      41.     41.
      41.     41.
      41.     41.
      41.     41.
      41.     41.
      41.     41.
      41.     41.
      41.     41.
      41.     41.
      41.     41.
      41.     41.
      41.     41.
      41.     41.
      41.     41.
      41.     41.
      41.     41.
      40.     40.
      40.     40.
      40.     40.
      40.     40.
      40.     40.
      40.     40.
      40.     40.
      40.     40.
      40.     40.
      40.     40.
      40.     40.
      40.     40.
      40.     40.
      40.     40.
      40.     40.
      40.     40.
      40.     40.
      40.     40.
      40.     40.
      40.     40.
      40.     40.
      40.     40.
      40.     40.
      40.     40.
      40.     40.
      40.     40.
      40.     40.
      40.     40.
      40.     40.
      40.     40.
      40.     40.
      40.     40.
      40.     40.
      40.     40.
      40.     40.
      40.     40.
      40.     40.
      40.     40.
      40.     40.
      40.     40.
      40.     40.
      40.     40.
      40.     40.
      40.     40.
      40.     40.
      40.     40.
      40.     40.
      40.     40.
      40.     40.
      39.     39.
      39.     39.
      39.     39.
      39.     39.
      39.     39.
      39.     39.
      39.     39.
      39.     39.
      39.     39.
      39.     39.
      39.     39.
      39.     39.
      39.     39.
      39.     39.
      39.     39.
      39.     39.
      39.     39.
      39.     39.
      39.     39.
      39.     39.
      39.     39.
      39.     39.
      39.     39.
      39.     39.
      39.     39.
      39.     39.
      39.     39.
      39.     39.
      39.     39.
      39.     39.
      39.     39.
      39.     39.
      39.     39.
      39.     39.
      39.     39.
      39.     39.
      39.     39.
      39.     39.
      39.     39.
      39.     39.
      39.     39.
      39.     39.
      39.     39.
      39.     39.
      39.     39.
      39.     39.
      39.     39.
      39.     39.
      39.     39.
      39.     39.
      38.     38.
      38.     38.
      38.     38.
      38.     38.
      38.     38.
      38.     38.
      38.     38.
      38.     38.
      38.     38.
      38.     38.
      38.     38.
      38.     38.
      38.     38.
      38.     38.
      38.     38.
      38.     38.
      38.     38.
      38.     38.
      38.     38.
      38.     38.
      38.     38.
      38.     38.
      38.     38.
      38.     38.
      38.     38.
      38.     38.
      38.     38.
      38.     38.
      38.     38.
      38.     38.
      38.     38.
      38.     38.
      38.     38.
      38.     38.
      38.     38.
      38.     38.
      38.     38.
      38.     38.
      38.     38.
      38.     38.
      38.     38.
      38.     38.
      38.     38.
      38.     38.
      38.     38.
      38.     38.
      38.     38.
      38.     38.
      38.     38.
      38.     38.
      37.     37.
      37.     37.
      37.     37.
      37.     37.
      37.     37.
      37.     37.
      37.     37.
      37.     37.
      37.     37.
      37.     37.
      37.     37.
      37.     37.
      37.     37.
      37.     37.
      37.     37.
      37.     37.
      37.     37.
      37.     37.
      37.     37.
      37.     37.
      37.     37.
      37.     37.
      37.     37.
      37.     37.
      37.     37.
      37.     37.
      37.     37.
      37.     37.
      37.     37.
      37.     37.
      37.     37.
      37.     37.
      37.     37.
      37.     37.
      37.     37.
      37.     37.
      37.     37.
      37.     37.
      37.     37.
      37.     37.
      37.     37.
      37.     37.
      37.     37.
      37.     37.
      37.     37.
      37.     37.
      37.     37.
      37.     37.
      37.     37.
      37.     37.
      37.     37.
      37.     37.
      36.     36.
      36.     36.
      36.     36.
      36.     36.
      36.     36.
      36.     36.
      36.     36.
      36.     36.
      36.     36.
      36.     36.
      36.     36.
      36.     36.
      36.     36.
      36.     36.
      36.     36.
      36.     36.
      36.     36.
      36.     36.
      36.     36.
      36.     36.
      36.     36.
      36.     36.
      36.     36.
      36.     36.
      36.     36.
      36.     36.
      36.     36.
      36.     36.
      36.     36.
      36.     36.
      36.     36.
      36.     36.
      36.     36.
      36.     36.
      36.     36.
      36.     36.
      36.     36.
      36.     36.
      36.     36.
      36.     36.
      36.     36.
      36.     36.
      36.     36.
      36.     36.
      36.     36.
      36.     36.
      36.     36.
      36.     36.
      36.     36.
      36.     36.
      36.     36.
      36.     36.
      35.     35.
      35.     35.
      35.     35.
      35.     35.
      35.     35.
      35.     35.
      35.     35.
      35.     35.
      35.     35.
      64.     64.
      64.     64.
      78.     78.
      78.     78.
      78.     78.
      79.     79.
      79.     79.
      79.     79.
      79.     79.
      79.     79.
      79.     79.
      79.     79.
      80.     80.
      80.     80.
      80.     80.
      80.     80.
      80.     80.
      80.     80.
      81.     81.
      81.     81.
      81.     81.
      81.     81.
      81.     81.
      82.     82.
      82.     82.
      82.     82.
      82.     82.
      83.     83.
      83.     83.
      83.     83.
      83.     83.
      84.     84.
      84.     84.
      84.     84.
      85.     85.
      85.     85.
      85.     85.
      86.     86.
      86.     86.
      87.     87.
      87.     87.
      87.     87.
      88.     88.
      88.     88.
      89.     89.
      89.     89.
      90.     90.
      91.     91.
      91.     91.
      92.     92.
      92.     92.
      93.     93.
      94.     94.
      95.     95.
      95.     95.
      96.     96.
      97.     97.
      98.     98.
      99.     99.
     100.    100.
     101.    101.
     102.    102.
     103.    103.
     105.    105.
     106.    106.
     107.    107.
     109.    109.
     110.    110.
     112.    112.
     114.    114.
     116.    116.
     118.    118.
     120.    120.
     122.    122.
     125.    125.
     128.    128.
     130.    130.
     134.    134.
     137.    137.
     141.    141.
     145.    145.
     149.    149.
     154.    154.
     159.    159.
     164.    164.
     170.    170.
     177.    177.
     185.    185.
     193.    193.
     202.    202.
     212.    212.
     224.    224.
     237.    237.
     251.    251.
     268.    268.
     287.    287.
     309.    309.
     334.    334.
     364.    364.
     398.    398.
     440.    440.
     490.    490.
     550.    550.
     624.    624.
     717.    717.
     835.    835.
     989.    989.
    1194.   1194.
    1475.   1475.
    1883.   1883.
    2552.   2552.
    3948.   3948.
    7408.   7408.
   15317.  15317.
   29073.  29073.
   44543.  44543.
   50152.  50152.
   44499.  44499.
   36421.  36421.
   25944.  25944.
   15306.  15306.
    8025.   8025.
    4234.   4234.
    2569.   2569.
    1814.   1814.
    1392.   1392.
    1110.   1110.
     907.    907.
     755.    755.
     639.    639.
     547.    547.
     474.    474.
     414.    414.
     365.    365.
     324.    324.
     290.    290.
     261.    261.
     236.    236.
     214.    214.
     195.    195.
     179.    179.
     164.    164.
     151.    151.
     140.    140.
     130.    130.
     121.    121.
     112.    112.
     105.    105.
      98.     98.
      92.     92.
      86.     86.
      81.     81.
      77.     77.
      72.     72.
      68.     68.
      65.     65.
      61.     61.
      58.     58.
      55.     55.
      53.     53.
      50.     50.
      48.     48.
      45.     45.
      43.     43.
      41.     41.
      40.     40.
      38.     38.
      36.     36.
      35.     35.
      33.     33.
      33.     33.
      32.     32.
      32.     32.
      32.     32.
      32.     32.
      32.     32.
      32.     32.
      32.     32.
      32.     32.
      32.     32.
      32.     32.
      32.     32.
      32.     32.
      32.     32.
      32.     32.
      32.     32.
      32.     32.
      32.     32.
      32.     32.
      32.     32.
      32.     32.
      32.     32.
      32.     32.
      32.     32.
      32.     32.
      32.     32.
      32.     32.
      32.     32.
      32.     32.
      32.     32.
      32.     32.
      32.     32.
      32.     32.
      32.     32.
      32.     32.
      32.     32.
      32.     32.
      32.     32.
      32.     32.
      31.     31.
      31.     31.
      31.     31.
      31.     31.
      31.     31.
      31.     31.
      31.     31.
      31.     31.
      31.     31.
      31.     31.
      31.     31.
      31.     31.
      31.     31.
      31.     31.
      31.     31.
      31.     31.
      31.     31.
      31.     31.
      31.     31.
      31.     31.
      31.     31.
      31.     31.
      31.     31.
      31.     31.
      31.     31.
      31.     31.
      31.     31.
      31.     31.
      31.     31.
      31.     31.
      31.     31.
      31.     31.
      31.     31.
      31.     31.
      31.     31.
      31.     31.
      31.     31.
      31.     31.
      31.     31.
      31.     31.
      31.     31.
      31.     31.
      31.     31.
      31.     31.
      31.     31.
      31.     31.
      31.     31.
      31.     31.
      31.     31.
      31.     31.
      31.     31.
      31.     31.
      31.     31.
      31.     31.
      31.     31.
      31.     31.
      31.     31.
      30.     30.
      30.     30.
      30.     30.
      30.     30.
      30.     30.
      30.     30.
      30.     30.
      30.     30.
      30.     30.
      30.     30.
      30.     30.
      30.     30.
      30.     30.
      30.     30.
      30.     30.
      30.     30.
      30.     30.
      30.     30.
      30.     30.
      30.     30.
      30.     30.
      30.     30.
      30.     30.
      30.     30.
      30.     30.
      30.     30.
      30.     30.
      30.     30.
      30.     30.
      30.     30.
      30.     30.
      30.     30.
      30.     30.
      30.     30.
      30.     30.
      30.     30.
      30.     30.
      30.     30.
      30.     30.
      30.     30.
      30.     30.
      30.     30.
      30.     30.
      30.     30.
      30.     30.
      30.     30.
      30.     30.
      30.     30.
      30.     30.
      30.     30.
      30.     30.
      30.     30.
      30.     30.
      30.     30.
      30.     30.
      30.     30.
      30.     30.
      30.     30.
      30.     30.
      29.     29.
      29.     29.
      29.     29.
      29.     29.
      29.     29.
      29.     29.
      29.     29.
      29.     29.
      29.     29.
      29.     29.
      29.     29.
      29.     29.
      29.     29.
      29.     29.
      29.     29.
      29.     29.
      29.     29.
      29.     29.
      29.     29.
      29.     29.
      29.     29.
      29.     29.
      29.     29.
      29.     29.
      29.     29.
      29.     29.
      29.     29.
      29.     29.
      29.     29.
      29.     29.
      29.     29.
      29.     29.
      29.     29.
      29.     29.
      29.     29.
      29.     29.
      29.     29.
      29.     29.
      29.     29.
      29.     29.
      29.     29.
      29.     29.
      29.     29.
      29.     29.
      29.     29.
      29.     29.
      29.     29.
      29.     29.
      29.     29.
      29.     29.
      29.     29.
      29.     29.
      29.     29.
      29.     29.
      29.     29.
      29.     29.
      29.     29.
      29.     29.
      29.     29.
      29.     29.
      28.     28.
      28.     28.
      28.     28.
      28.     28.
      28.     28.
      28.     28.
      28.     28.
      28.     28.
      28.     28.
      28.     28.
      28.     28.
      28.     28.
      28.     28.
      28.     28.
      28.     28.
      28.     28.
      28.     28.
      28.     28.
      28.     28.
      28.     28.
      28.     28.
      28.     28.
      28.     28.
      28.     28.
      28.     28.
      28.     28.
      28.     28.
      28.     28.
      28.     28.
      28.     28.
      28.     28.
      28.     28.
      28.     28.
      28.     28.
      28.     28.
      28.     28.
      28.     28.
      28.     28.
      28.     28.
      28.     28.
      28.     28.
      28.     28.
      28.     28.
      28.     28.
      28.     28.
      28.     28.
      28.     28.
      28.     28.
      28.     28.
      28.     28.
      28.     28.
      28.     28.
      28.     28.
      28.     28.
      28.     28.
      28.     28.
      28.     28.
      28.     28.
      28.     28.
      28.     28.
      28.     28.
      27.     27.
      42.     42.
      42.     42.
      42.     42.
      49.     49.
      50.     50.
      50.     50.
      50.     50.
      50.     50.
      50.     50.
      50.     50.
      50.     50.
      50.     50.
      50.     50.
      50.     50.
      50.     50.
      50.     50.
      51.     51.
      51.     51.
      51.     51.
      51.     51.
      51.     51.
      51.     51.
      51.     51.
      51.     51.
      52.     52.
      52.     52.
      52.     52.
      52.     52.
      52.     52.
      52.     52.
      52.     52.
      53.     53.
      53.     53.
      53.     53.
      53.     53.
      53.     53.
      54.     54.
      54.     54.
      54.     54.
      54.     54.
      54.     54.
      55.     55.
      55.     55.
      55.     55.
      55.     55.
      56.     56.
      56.     56.
      56.     56.
      57.     57.
      57.     57.
      57.     57.
      58.     58.
      58.     58.
      59.     59.
      59.     59.
      60.     60.
      60.     60.
      60.     60.
      61.     61.
      62.     62.
      62.     62.
      63.     63.
      63.     63.
      64.     64.
      65.     65.
      66.     66.
      66.     66.
      67.     67.
      68.     68.
      69.     69.
      70.     70.
      71.     71.
      72.     72.
      73.     73.
      75.     75.
      76.     76.
      77.     77.
      79.     79.
      81.     81.
      82.     82.
      84.     84.
      86.     86.
      89.     89.
      91.     91.
      94.     94.
      96.     96.
      99.     99.
     103.    103.
     106.    106.
     110.    110.
     115.    115.
     120.    120.
     125.    125.
     131.    131.
     137.    137.
     145.    145.
     153.    153.
     162.    162.
     173.    173.
     185.    185.
     199.    199.
     215.    215.
     233.    233.
     255.    255.
     280.    280.
     311.    311.
     348.    348.
     393.    393.
     449.    449.
     519.    519.
     610.    610.
     729.    729.
     890.    890.
    1118.   1118.
    1477.   1477.
    2173.   2173.
    3827.   3827.
    7675.   7675.
   14836.  14836.
   24101.  24101.
   29645.  29645.
   26751.  26751.
   21554.  21554.
   19054.  19054.
   17019.  17019.
   12420.  12420.
    7402.   7402.
    3949.   3949.
    2171.   2171.
    1385.   1385.
    1014.   1014.
     797.    797.
     648.    648.
     539.    539.
     455.    455.
     390.    390.
     339.    339.
     297.    297.
     263.    263.
     234.    234.
     210.    210.
     190.    190.
     173.    173.
     158.    158.
     145.    145.
     133.    133.
     123.    123.
     114.    114.
     106.    106.
      99.     99.
      93.     93.
      87.     87.
      82.     82.
      78.     78.
      73.     73.
      70.     70.
      66.     66.
      63.     63.
      60.     60.
      57.     57.
      55.     55.
      52.     52.
      50.     50.
      48.     48.
      46.     46.
      44.     44.
      43.     43.
      41.     41.
      40.     40.
      38.     38.
      37.     37.
      36.     36.
      35.     35.
      34.     34.
      33.     33.
      32.     32.
      31.     31.
      30.     30.
      29.     29.
      29.     29.
      28.     28.
      27.     27.
      27.     27.
      26.     26.
      25.     25.
      25.     25.
      25.     25.
      25.     25.
      25.     25.
      25.     25.
      25.     25.
      25.     25.
      25.     25.
      24.     24.
      24.     24.
      24.     24.
      24.     24.
      24.     24.
      24.     24.
      24.     24.
      24.     24.
      24.     24.
      24.     24.
      24.     24.
      24.     24.
      24.     24.
      24.     24.
      24.     24.
      24.     24.
      24.     24.
      24.     24.
      24.     24.
      24.     24.
      24.     24.
      24.     24.
      24.     24.
      24.     24.
      24.     24.
      24.     24.
      24.     24.
      24.     24.
      24.     24.
      24.     24.
      24.     24.
      24.     24.
      24.     24.
      24.     24.
      24.     24.
      24.     24.
      24.     24.
      24.     24.
      24.     24.
      24.     24.
      24.     24.
      24.     24.
      24.     24.
      24.     24.
      24.     24.
      24.     24.
      24.     24.
      24.     24.
      24.     24.
      24.     24.
      24.     24.
      24.     24.
      24.     24.
      24.     24.
      24.     24.
      24.     24.
      24.     24.
      24.     24.
      24.     24.
      24.     24.
      24.     24.
      24.     24.
      24.     24.
      24.     24.
      24.     24.
      24.     24.
      24.     24.
      24.     24.
      23.     23.
      23.     23.
      23.     23.
      23.     23.
      23.     23.
      23.     23.
      23.     23.
      23.     23.
      23.     23.
      23.     23.
      23.     23.
      23.     23.
      23.     23.
      23.     23.
      23.     23.
      23.     23.
      23.     23.
      23.     23.
      23.     23.
      23.     23.
      23.     23.
      23.     23.
      23.     23.
      23.     23.
      23.     23.
      23.     23.
      23.     23.
      23.     23.
      23.     23.
      23.     23.
      23.     23.
      23.     23.
      23.     23.
      23.     23.
      23.     23.
      23.     23.
      23.     23.
      23.     23.
      23.     23.
      23.     23.
      23.     23.
      23.     23.
      23.     23.
      23.     23.
      23.     23.
      23.     23.
      23.     23.
      23.     23.
      23.     23.
      23.     23.
      23.     23.
      23.     23.
      23.     23.
      23.     23.
      23.     23.
      23.     23.
      23.     23.
      23.     23.
      23.     23.
      23.     23.
      23.     23.
      23.     23.
      23.     23.
      23.     23.
      23.     23.
      23.     23.
      23.     23.
      23.     23.
      23.     23.
      23.     23.
      22.     22.
      22.     22.
      22.     22.
      22.     22.
      22.     22.
      22.     22.
      22.     22.
      22.     22.
      22.     22.
      22.     22.
      22.     22.
      22.     22.
      22.     22.
      22.     22.
      22.     22.
      22.     22.
      23.     23.
      23.     23.
      23.     23.
      23.     23.
      23.     23.
      24.     24.
      24.     24.
      24.     24.
      24.     24.
      24.     24.
      24.     24.
      24.     24.
      24.     24.
      24.     24.
      24.     24.
      24.     24.
      24.     24.
      24.     24.
      24.     24.
      24.     24.
      24.     24.
      24.     24.
      24.     24.
      24.     24.
      24.     24.
      24.     24.
      24.     24.
      24.     24.
      24.     24.
      24.     24.
      24.     24.
      24.     24.
      24.     24.
      24.     24.
      24.     24.
      24.     24.
      25.     25.
      25.     25.
      25.     25.
      25.     25.
      25.     25.
      25.     25.
      25.     25.
      25.     25.
      25.     25.
      25.     25.
      25.     25.
      25.     25.
      25.     25.
      25.     25.
      25.     25.
      26.     26.
      26.     26.
      26.     26.
      26.     26.
      26.     26.
      26.     26.
      26.     26.
      26.     26.
      26.     26.
      27.     27.
      27.     27.
      27.     27.
      27.     27.
      27.     27.
      27.     27.
      27.     27.
      28.     28.
      28.     28.
      28.     28.
      28.     28.
      29.     29.
      29.     29.
      29.     29.
      29.     29.
      30.     30.
      30.     30.
      30.     30.
      31.     31.
      31.     31.
      31.     31.
      32.     32.
      32.     32.
      33.     33.
      33.     33.
      34.     34.
      35.     35.
      35.     35.
      36.     36.
      37.     37.
      38.     38.
      38.     38.
      39.     39.
      41.     41.
      42.     42.
      43.     43.
      44.     44.
      46.     46.
      48.     48.
      50.     50.
      52.     52.
      54.     54.
      57.     57.
      60.     60.
      63.     63.
      67.     67.
      72.     72.
      77.     77.
      83.     83.
      90.     90.
      98.     98.
     108.    108.
     120.    120.
     135.    135.
     153.    153.
     176.    176.
     205.    205.
     244.    244.
     296.    296.
     372.    372.
     496.    496.
     748.    748.
    1341.   1341.
    2632.   2632.
    4852.   4852.
    7486.   7486.
    8776.   8776.
    7571.   7571.
    5698.   5698.
    4828.   4828.
    4927.   4927.
    4724.   4724.
    3545.   3545.
    2169.   2169.
    1191.   1191.
     669.    669.
     432.    432.
     320.    320.
     256.    256.
     213.    213.
     181.    181.
     156.    156.
     137.    137.
     121.    121.
     109.    109.
      99.     99.
      90.     90.
      83.     83.
      77.     77.
      71.     71.
      67.     67.
      63.     63.
      59.     59.
      56.     56.
      54.     54.
      51.     51.
      49.     49.
      47.     47.
      45.     45.
      44.     44.
      42.     42.
      41.     41.
      40.     40.
      39.     39.
      38.     38.
      37.     37.
      36.     36.
      35.     35.
      34.     34.
      33.     33.
      33.     33.
      32.     32.
      32.     32.
      31.     31.
      31.     31.
      30.     30.
      30.     30.
      29.     29.
      29.     29.
      29.     29.
      28.     28.
      28.     28.
      28.     28.
      27.     27.
      27.     27.
      27.     27.
      27.     27.
      26.     26.
      26.     26.
      26.     26.
      26.     26.
      25.     25.
      25.     25.
      25.     25.
      25.     25.
      25.     25.
      25.     25.
      24.     24.
      24.     24.
      24.     24.
      24.     24.
      24.     24.
      24.     24.
      24.     24.
      24.     24.
      23.     23.
      23.     23.
      23.     23.
      23.     23.
      23.     23.
      23.     23.
      23.     23.
      23.     23.
      23.     23.
      23.     23.
      22.     22.
      22.     22.
      22.     22.
      22.     22.
      22.     22.
      22.     22.
      22.     22.
      22.     22.
      22.     22.
      22.     22.
      22.     22.
      22.     22.
      22.     22.
      22.     22.
      21.     21.
      21.     21.
      21.     21.
      21.     21.
      21.     21.
      21.     21.
      21.     21.
      21.     21.
      21.     21.
      21.     21.
      21.     21.
      21.     21.
      21.     21.
      21.     21.
      21.     21.
      21.     21.
      21.     21.
      21.     21.
      21.     21.
      21.     21.
      21.     21.
      21.     21.
      20.     20.
      20.     20.
      19.     19.
      19.     19.
      19.     19.
      19.     19.
      19.     19.
      19.     19.
      19.     19.
      19.     19.
      19.     19.
      19.     19.
      19.     19.
      19.     19.
      19.     19.
      19.     19.
      19.     19.
      19.     19.
      19.     19.
      19.     19.
      19.     19.
      19.     19.
      19.     19.
      19.     19.
      19.     19.
      19.     19.
      19.     19.
      19.     19.
      19.     19.
      19.     19.
      19.     19.
      19.     19.
      19.     19.
      19.     19.
      19.     19.
      19.     19.
      19.     19.
      19.     19.
      19.     19.
      19.     19.
      18.     18.
      18.     18.
      18.     18.
      18.     18.
      18.     18.
      18.     18.
      18.     18.
      19.     19.
      19.     19.
      19.     19.
      19.     19.
      19.     19.
      19.     19.
      19.     19.
      19.     19.
      19.     19.
      19.     19.
      19.     19.
      19.     19.
      19.     19.
      19.     19.
      19.     19.
      19.     19.
      19.     19.
      19.     19.
      19.     19.
      19.     19.
      19.     19.
      19.     19.
      19.     19.
      19.     19.
      19.     19.
      19.     19.
      19.     19.
      19.     19.
      19.     19.
      19.     19.
      19.     19.
      19.     19.
      19.     19.
      19.     19.
      19.     19.
      19.     19.
      19.     19.
      19.     19.
      19.     19.
      19.     19.
      19.     19.
      19.     19.
      19.     19.
      19.     19.
      19.     19.
      19.     19.
      19.     19.
      19.     19.
      20.     20.
      20.     20.
      20.     20.
      20.     20.
      20.     20.
      20.     20.
      20.     20.
      20.     20.
      20.     20.
      20.     20.
      20.     20.
      20.     20.
      20.     20.
      20.     20.
      20.     20.
      20.     20.
      20.     20.
      20.     20.
      20.     20.
      20.     20.
      20.     20.
      21.     21.
      21.     21.
      21.     21.
      21.     21.
      21.     21.
      21.     21.
      21.     21.
      21.     21.
      21.     21.
      21.     21.
      22.     22.
      22.     22.
      22.     22.
      22.     22.
      22.     22.
      22.     22.
      23.     23.
      23.     23.
      23.     23.
      23.     23.
      24.     24.
      24.     24.
      24.     24.
      25.     25.
      25.     25.
      25.     25.
      26.     26.
      26.     26.
      27.     27.
      27.     27.
      28.     28.
      28.     28.
      29.     29.
      30.     30.
      31.     31.
      32.     32.
      33.     33.
      34.     34.
      35.     35.
      37.     37.
      38.     38.
      40.     40.
      42.     42.
      45.     45.
      48.     48.
      51.     51.
      55.     55.
      60.     60.
      66.     66.
      73.     73.
      81.     81.
      92.     92.
     106.    106.
     124.    124.
     148.    148.
     182.    182.
     236.    236.
     343.    343.
     584.    584.
    1106.   1106.
    2029.   2029.
    3231.   3231.
    4098.   4098.
    3854.   3854.
    2888.   2888.
    2120.   2120.
    1933.   1933.
    2155.   2155.
    2240.   2240.
    1820.   1820.
    1192.   1192.
     686.    686.
     387.    387.
     241.    241.
     174.    174.
     138.    138.
     115.    115.
      99.     99.
      86.     86.
      76.     76.
      68.     68.
      62.     62.
      57.     57.
      52.     52.
      49.     49.
      45.     45.
      43.     43.
      40.     40.
      38.     38.
      37.     37.
      35.     35.
      34.     34.
      32.     32.
      31.     31.
      30.     30.
      29.     29.
      29.     29.
      28.     28.
      27.     27.
      27.     27.
      26.     26.
      25.     25.
      25.     25.
      25.     25.
      24.     24.
      24.     24.
      23.     23.
      23.     23.
      23.     23.
      22.     22.
      22.     22.
      22.     22.
      22.     22.
      21.     21.
      21.     21.
      21.     21.
      21.     21.
      21.     21.
      20.     20.
      20.     20.
      20.     20.
      20.     20.
      20.     20.
      20.     20.
      20.     20.
      19.     19.
      19.     19.
      19.     19.
      19.     19.
      19.     19.
      19.     19.
      19.     19.
      19.     19.
      19.     19.
      19.     19.
      18.     18.
      18.     18.
      18.     18.
      18.     18.
      18.     18.
      18.     18.
      18.     18.
      18.     18.
      18.     18.
      18.     18.
      18.     18.
      18.     18.
      18.     18.
      18.     18.
      18.     18.
      18.     18.
      18.     18.
      17.     17.
      17.     17.
      17.     17.
      17.     17.
      17.     17.
      17.     17.
      17.     17.
      17.     17.
      17.     17.
      17.     17.
      17.     17.
      17.     17.
      17.     17.
      17.     17.
      17.     17.
      17.     17.
      17.     17.
      17.     17.
      17.     17.
      17.     17.
      17.     17.
      17.     17.
      17.     17.
      17.     17.
      17.     17.
      17.     17.
      17.     17.
      17.     17.
      17.     17.
      16.     16.
      16.     16.
      16.     16.
      16.     16.
      16.     16.
      16.     16.
      16.     16.
      16.     16.
      16.     16.
      16.     16.
      16.     16.
      16.     16.
      16.     16.
      16.     16.
      16.     16.
      16.     16.
      17.     17.
      17.     17.
      17.     17.
      17.     17.
      17.     17.
      17.     17.
      17.     17.
      17.     17.
      17.     17.
      17.     17.
      17.     17.
      17.     17.
      17.     17.
      17.     17.
      17.     17.
      17.     17.
      17.     17.
      17.     17.
      17.     17.
      17.     17.
      17.     17.
      17.     17.
      17.     17.
      17.     17.
      17.     17.
      18.     18.
      18.     18.
      18.     18.
      18.     18.
      18.     18.
      18.     18.
      18.     18.
      18.     18.
      18.     18.
      18.     18.
      18.     18.
      18.     18.
      18.     18.
      18.     18.
      18.     18.
      18.     18.
      18.     18.
      18.     18.
      18.     18.
      18.     18.
      18.     18.
      18.     18.
      19.     19.
      19.     19.
      19.     19.
      19.     19.
      19.     19.
      19.     19.
      19.     19.
      19.     19.
      19.     19.
      19.     19.
      19.     19.
      19.     19.
      20.     20.
      20.     20.
      20.     20.
      20.     20.
      20.     20.
      20.     20.
      20.     20.
      20.     20.
      21.     21.
      21.     21.
      21.     21.
      21.     21.
      21.     21.
      21.     21.
      22.     22.
      22.     22.
      22.     22.
      22.     22.
      22.     22.
      23.     23.
      23.     23.
      23.     23.
      23.     23.
      24.     24.
      24.     24.
      24.     24.
      25.     25.
      25.     25.
      26.     26.
      26.     26.
      26.     26.
      27.     27.
      27.     27.
      28.     28.
      29.     29.
      29.     29.
      30.     30.
      30.     30.
      31.     31.
      32.     32.
      33.     33.
      34.     34.
      35.     35.
      36.     36.
      37.     37.
      38.     38.
      40.     40.
      41.     41.
      43.     43.
      45.     45.
      47.     47.
      49.     49.
      52.     52.
      54.     54.
      57.     57.
      61.     61.
      65.     65.
      69.     69.
      74.     74.
      80.     80.
      87.     87.
      94.     94.
     103.    103.
     114.    114.
     127.    127.
     142.    142.
     161.    161.
     184.    184.
     213.    213.
     250.    250.
     300.    300.
     367.    367.
     469.    469.
     650.    650.
    1031.   1031.
    1862.   1862.
    3454.   3454.
    5874.   5874.
    8464.   8464.
    9561.   9561.
    8185.   8185.
    5848.   5848.
    4203.   4203.
    3832.   3832.
    4440.   4440.
    5089.   5089.
    4720.   4720.
    3457.   3457.
    2146.   2146.
    1222.   1222.
     711.    711.
     464.    464.
     343.    343.
     275.    275.
     229.    229.
     195.    195.
     169.    169.
     148.    148.
     131.    131.
     117.    117.
     106.    106.
      96.     96.
      88.     88.
      81.     81.
      75.     75.
      70.     70.
      65.     65.
      61.     61.
      58.     58.
      54.     54.
      52.     52.
      49.     49.
      47.     47.
      45.     45.
      43.     43.
      41.     41.
      39.     39.
      38.     38.
      37.     37.
      35.     35.
      34.     34.
      33.     33.
      32.     32.
      31.     31.
      31.     31.
      30.     30.
      29.     29.
      28.     28.
      28.     28.
      27.     27.
      27.     27.
      26.     26.
      26.     26.
      25.     25.
      25.     25.
      24.     24.
      24.     24.
      23.     23.
      23.     23.
      23.     23.
      22.     22.
      22.     22.
      22.     22.
      22.     22.
      21.     21.
      21.     21.
      21.     21.
      21.     21.
      20.     20.
      20.     20.
      20.     20.
      20.     20.
      20.     20.
      19.     19.
      19.     19.
      19.     19.
      19.     19.
      19.     19.
      19.     19.
      18.     18.
      18.     18.
      18.     18.
      18.     18.
      18.     18.
      18.     18.
      18.     18.
      18.     18.
      17.     17.
      17.     17.
      17.     17.
      17.     17.
      17.     17.
      17.     17.
      17.     17.
      17.     17.
      17.     17.
      17.     17.
      17.     17.
      16.     16.
      16.     16.
      16.     16.
      16.     16.
      16.     16.
      16.     16.
      16.     16.
      16.     16.
      17.     17.
      17.     17.
      16.     16.
      16.     16.
      16.     16.
      16.     16.
      16.     16.
      17.     17.
      17.     17.
      16.     16.
      16.     16.
      16.     16.
      16.     16.
      16.     16.
      16.     16.
      16.     16.
      16.     16.
      16.     16.
      16.     16.
      16.     16.
      16.     16.
      16.     16.
      16.     16.
      16.     16.
      16.     16.
      16.     16.
      16.     16.
      16.     16.
      16.     16.
      16.     16.
      16.     16.
      16.     16.
      15.     15.
      15.     15.
      15.     15.
      15.     15.
      15.     15.
      15.     15.
      15.     15.
      15.     15.
      15.     15.
      15.     15.
      15.     15.
      15.     15.
      15.     15.
      15.     15.
      15.     15.
      15.     15.
      15.     15.
      15.     15.
      15.     15.
      15.     15.
      15.     15.
      15.     15.
      15.     15.
      15.     15.
      15.     15.
      15.     15.
      15.     15.
      15.     15.
      15.     15.
      15.     15.
      15.     15.
      16.     16.
      16.     16.
      16.     16.
      16.     16.
      16.     16.
      16.     16.
      16.     16.
      16.     16.
      16.     16.
      16.     16.
      16.     16.
      16.     16.
      17.     17.
      17.     17.
      17.     17.
      17.     17.
      17.     17.
      17.     17.
      17.     17.
      17.     17.
      18.     18.
      18.     18.
      18.     18.
      18.     18.
      18.     18.
      18.     18.
      19.     19.
      19.     19.
      19.     19.
      19.     19.
      20.     20.
      20.     20.
      20.     20.
      20.     20.
      21.     21.
      21.     21.
      21.     21.
      22.     22.
      22.     22.
      23.     23.
      23.     23.
      24.     24.
      24.     24.
      25.     25.
      25.     25.
      26.     26.
      27.     27.
      28.     28.
      29.     29.
      30.     30.
      31.     31.
      32.     32.
      33.     33.
      34.     34.
      36.     36.
      38.     38.
      40.     40.
      42.     42.
      44.     44.
      47.     47.
      50.     50.
      53.     53.
      57.     57.
      62.     62.
      67.     67.
      74.     74.
      81.     81.
      90.     90.
     101.    101.
     114.    114.
     131.    131.
     152.    152.
     179.    179.
     215.    215.
     267.    267.
     351.    351.
     515.    515.
     864.    864.
    1561.   1561.
    2738.   2738.
    4285.   4285.
    5613.   5613.
    5754.   5754.
    4626.   4626.
    3222.   3222.
    2291.   2291.
    2070.   2070.
    2428.   2428.
    2960.   2960.
    3077.   3077.
    2533.   2533.
    1730.   1730.
    1048.   1048.
     608.    608.
     373.    373.
     259.    259.
     199.    199.
     163.    163.
     138.    138.
     119.    119.
     104.    104.
      93.     93.
      83.     83.
      75.     75.
      68.     68.
      62.     62.
      58.     58.
      53.     53.
      50.     50.
      47.     47.
      44.     44.
      41.     41.
      39.     39.
      37.     37.
      36.     36.
      34.     34.
      33.     33.
      31.     31.
      30.     30.
      29.     29.
      28.     28.
      27.     27.
      26.     26.
      26.     26.
      25.     25.
      24.     24.
      24.     24.
      23.     23.
      22.     22.
      22.     22.
      21.     21.
      21.     21.
      21.     21.
      20.     20.
      20.     20.
      20.     20.
      19.     19.
      19.     19.
      19.     19.
      18.     18.
      18.     18.
      18.     18.
      18.     18.
      17.     17.
      17.     17.
      17.     17.
      17.     17.
      17.     17.
      17.     17.
      16.     16.
      16.     16.
      16.     16.
      16.     16.
      16.     16.
      16.     16.
      15.     15.
      15.     15.
      15.     15.
      15.     15.
      15.     15.
      15.     15.
      15.     15.
      15.     15.
      15.     15.
      15.     15.
      14.     14.
      14.     14.
      14.     14.
      14.     14.
      14.     14.
      14.     14.
      14.     14.
      14.     14.
      14.     14.
      14.     14.
      14.     14.
      14.     14.
      14.     14.
      14.     14.
      13.     13.
      13.     13.
      13.     13.
      13.     13.
      13.     13.
      13.     13.
      13.     13.
      13.     13.
      13.     13.
      13.     13.
      13.     13.
      13.     13.
      13.     13.
      13.     13.
      13.     13.
      13.     13.
      13.     13.
      13.     13.
      13.     13.
      13.     13.
      13.     13.
      13.     13.
      13.     13.
      13.     13.
      12.     12.
      12.     12.
      12.     12.
      12.     12.
      12.     12.
      12.     12.
      12.     12.
      12.     12.
      12.     12.
      12.     12.
      12.     12.
      12.     12.
      12.     12.
      12.     12.
      12.     12.
      12.     12.
      12.     12.
      12.     12.
      12.     12.
      12.     12.
      12.     12.
      12.     12.
      12.     12.
      12.     12.
      11.     11.
      11.     11.
      11.     11.
      11.     11.
      11.     11.
      11.     11.
      11.     11.
      11.     11.
      11.     11.
      11.     11.
      11.     11.
      11.     11.
      11.     11.
      11.     11.
      11.     11.
      11.     11.
      11.     11.
      11.     11.
      11.     11.
      11.     11.
      11.     11.
      11.     11.
      11.     11.
      11.     11.
      11.     11.
      11.     11.
      11.     11.
      11.     11.
      11.     11.
      11.     11.
      11.     11.
      11.     11.
      11.     11.
      11.     11.
      11.     11.
      11.     11.
      11.     11.
      11.     11.
      11.     11.
      11.     11.
      11.     11.
      11.     11.
      11.     11.
      11.     11.
      11.     11.
      11.     11.
      11.     11.
      11.     11.
      11.     11.
      10.     10.
      10.     10.
      10.     10.
      10.     10.
      10.     10.
      10.     10.
      10.     10.
      10.     10.
      10.     10.
      10.     10.
      10.     10.
      10.     10.
      10.     10.
      10.     10.
      10.     10.
      10.     10.
      10.     10.
      10.     10.
      10.     10.
      10.     10.
      10.     10.
      10.     10.
      10.     10.
      10.     10.
      10.     10.
      10.     10.
      10.     10.
      10.     10.
      10.     10.
      10.     10.
      10.     10.
      10.     10.
      10.     10.
      10.     10.
      10.     10.
      10.     10.
      10.     10.
      10.     10.
      10.     10.
      10.     10.
      10.     10.
      10.     10.
      10.     10.
      10.     10.
      10.     10.
      10.     10.
      10.     10.
      10.     10.
      10.     10.
      10.     10.
      10.     10.
      10.     10.
      10.     10.
      10.     10.
      10.     10.
      10.     10.
      10.     10.
      10.     10.
      10.     10.
      10.     10.
      10.     10.
      10.     10.
      10.     10.
      10.     10.
      10.     10.
      10.     10.
      10.     10.
      10.     10.
      10.     10.
      10.     10.
      10.     10.
      10.     10.
      10.     10.
      10.     10.
      10.     10.
      10.     10.
      10.     10.
      10.     10.
      10.     10.
      10.     10.
      10.     10.
      10.     10.
      10.     10.
      10.     10.
      10.     10.
      10.     10.
      10.     10.
      10.     10.
      10.     10.
      10.     10.
      10.     10.
      10.     10.
      10.     10.
      10.     10.
      10.     10.
      10.     10.
      10.     10.
      10.     10.
      10.     10.
      10.     10.
      10.     10.
      10.     10.
      10.     10.
      10.     10.
      10.     10.
      10.     10.
      10.     10.
      10.     10.
      10.     10.
      10.     10.
      10.     10.
      10.     10.
      10.     10.
      10.     10.
      10.     10.
      10.     10.
      10.     10.
      10.     10.
      10.     10.
      10.     10.
      10.     10.
      10.     10.
      10.     10.
      10.     10.
      10.     10.
      10.     10.
      10.     10.
      10.     10.
      10.     10.
      10.     10.
      10.     10.
      10.     10.
      10.     10.
      10.     10.
      10.     10.
      10.     10.
      10.     10.
      10.     10.
      10.     10.
      10.     10.
      10.     10.
      10.     10.
      10.     10.
      10.     10.
      10.     10.
      10.     10.
      10.     10.
      10.     10.
      10.     10.
      10.     10.
      10.     10.
      10.     10.
      10.     10.
      10.     10.
      10.     10.
      10.     10.
      10.     10.
      10.     10.
      10.     10.
      10.     10.
      10.     10.
      10.     10.
      10.     10.
      10.     10.
      10.     10.
      10.     10.
      10.     10.
      10.     10.
      10.     10.
      10.     10.
      10.     10.
      10.     10.
      10.     10.
      10.     10.
      10.     10.
      10.     10.
      10.     10.
      10.     10.
      10.     10.
      10.     10.
      10.     10.
      10.     10.
      10.     10.
      10.     10.
      10.     10.
      10.     10.
      10.     10.
      10.     10.
      10.     10.
      10.     10.
      10.     10.
      10.     10.
      10.     10.
      10.     10.
      10.     10.
      10.     10.
      11.     11.
      11.     11.
      11.     11.
      11.     11.
      11.     11.
      11.     11.
      11.     11.
      11.     11.
      11.     11.
      11.     11.
      11.     11.
      11.     11.
      11.     11.
      11.     11.
      11.     11.
      11.     11.
      11.     11.
      11.     11.
      11.     11.
      11.     11.
      11.     11.
      12.     12.
      12.     12.
      12.     12.
      12.     12.
      12.     12.
      12.     12.
      12.     12.
      12.     12.
      12.     12.
      13.     13.
      13.     13.
      13.     13.
      13.     13.
      13.     13.
      13.     13.
      14.     14.
      14.     14.
      14.     14.
      14.     14.
      15.     15.
      15.     15.
      16.     16.
      16.     16.
      16.     16.
      17.     17.
      18.     18.
      18.     18.
      19.     19.
      20.     20.
      21.     21.
      22.     22.
      23.     23.
      25.     25.
      26.     26.
      28.     28.
      31.     31.
      33.     33.
      37.     37.
      41.     41.
      46.     46.
      53.     53.
      62.     62.
      74.     74.
      94.     94.
     129.    129.
     199.    199.
     335.    335.
     566.    566.
     895.    895.
    1255.   1255.
    1485.   1485.
    1418.   1418.
    1118.   1118.
     782.    782.
     539.    539.
     436.    436.
     465.    465.
     586.    586.
     729.    729.
     787.    787.
     698.    698.
     521.    521.
     345.    345.
     214.    214.
     133.    133.
      90.     90.
      67.     67.
      55.     55.
      47.     47.
      41.     41.
      36.     36.
      33.     33.
      30.     30.
      28.     28.
      26.     26.
      24.     24.
      22.     22.
      21.     21.
      20.     20.
      19.     19.
      18.     18.
      18.     18.
      17.     17.
      16.     16.
      16.     16.
      15.     15.
      15.     15.
      15.     15.
      14.     14.
      14.     14.
      14.     14.
      13.     13.
      13.     13.
      13.     13.
      13.     13.
      13.     13.
      12.     12.
      12.     12.
      12.     12.
      12.     12.
      12.     12.
      12.     12.
      12.     12.
      12.     12.
      12.     12.
      11.     11.
      11.     11.
      11.     11.
      11.     11.
      11.     11.
      11.     11.
      11.     11.
      11.     11.
      11.     11.
      11.     11.
      11.     11.
      11.     11.
      11.     11.
      11.     11.
      11.     11.
      11.     11.
      11.     11.
      11.     11.
      11.     11.
      11.     11.
      11.     11.
      10.     10.
      10.     10.
      10.     10.
      10.     10.
      10.     10.
      10.     10.
      10.     10.
      10.     10.
      10.     10.
      10.     10.
      10.     10.
      10.     10.
      10.     10.
      10.     10.
      10.     10.
      10.     10.
      10.     10.
      10.     10.
      10.     10.
      10.     10.
      10.     10.
      10.     10.
      10.     10.
      10.     10.
      10.     10.
      10.     10.
      10.     10.
      10.     10.
      10.     10.
      10.     10.
      10.     10.
      10.     10.
      10.     10.
      10.     10.
      10.     10.
      10.     10.
      10.     10.
      10.     10.
      10.     10.
      10.     10.
      10.     10.
      10.     10.
      10.     10.
      10.     10.
      10.     10.
      10.     10.
      10.     10.
      10.     10.
      10.     10.
      10.     10.
      10.     10.
      10.     10.
      10.     10.
      10.     10.
      10.     10.
      10.     10.
      10.     10.
      11.     11.
      11.     11.
      11.     11.
      11.     11.
      11.     11.
      11.     11.
      11.     11.
      11.     11.
      11.     11.
      11.     11.
      11.     11.
      11.     11.
      11.     11.
      11.     11.
      11.     11.
      11.     11.
      11.     11.
      11.     11.
      11.     11.
      11.     11.
      12.     12.
      12.     12.
      12.     12.
      12.     12.
      12.     12.
      12.     12.
      12.     12.
      12.     12.
      12.     12.
      12.     12.
      13.     13.
      13.     13.
      13.     13.
      13.     13.
      13.     13.
      13.     13.
      14.     14.
      14.     14.
      14.     14.
      14.     14.
      14.     14.
      15.     15.
      15.     15.
      15.     15.
      16.     16.
      16.     16.
      16.     16.
      17.     17.
      17.     17.
      18.     18.
      18.     18.
      19.     19.
      19.     19.
      20.     20.
      21.     21.
      22.     22.
      23.     23.
      24.     24.
      25.     25.
      26.     26.
      28.     28.
      29.     29.
      31.     31.
      33.     33.
      35.     35.
      38.     38.
      41.     41.
      45.     45.
      49.     49.
      54.     54.
      61.     61.
      68.     68.
      78.     78.
      89.     89.
     105.    105.
     125.    125.
     157.    157.
     210.    210.
     312.    312.
     506.    506.
     846.    846.
    1362.   1362.
    2006.   2006.
    2593.   2593.
    2809.   2809.
    2499.   2499.
    1900.   1900.
    1317.   1317.
     915.    915.
     747.    747.
     796.    796.
    1005.   1005.
    1277.   1277.
    1458.   1458.
    1399.   1399.
    1127.   1127.
     796.    796.
     515.    515.
     321.    321.
     205.    205.
     143.    143.
     109.    109.
      89.     89.
      76.     76.
      66.     66.
      59.     59.
      52.     52.
      47.     47.
      43.     43.
      40.     40.
      36.     36.
      34.     34.
      32.     32.
      30.     30.
      28.     28.
      26.     26.
      25.     25.
      24.     24.
      23.     23.
      22.     22.
      21.     21.
      20.     20.
      20.     20.
      19.     19.
      18.     18.
      18.     18.
      17.     17.
      17.     17.
      17.     17.
      16.     16.
      16.     16.
      15.     15.
      15.     15.
      15.     15.
      15.     15.
      14.     14.
      14.     14.
      14.     14.
      14.     14.
      13.     13.
      13.     13.
      13.     13.
      13.     13.
      13.     13.
      13.     13.
      12.     12.
      12.     12.
      12.     12.
      12.     12.
      12.     12.
      12.     12.
      12.     12.
      12.     12.
      11.     11.
      11.     11.
      11.     11.
      11.     11.
      11.     11.
      11.     11.
      11.     11.
      11.     11.
      11.     11.
      11.     11.
      11.     11.
      11.     11.
      11.     11.
      11.     11.
      11.     11.
      11.     11.
      10.     10.
      10.     10.
      10.     10.
      10.     10.
      10.     10.
      10.     10.
      10.     10.
      10.     10.
      10.     10.
      10.     10.
      10.     10.
      10.     10.
      10.     10.
      10.     10.
      10.     10.
      10.     10.
      10.     10.
      10.     10.
      10.     10.
      10.     10.
      10.     10.
      10.     10.
      10.     10.
      10.     10.
      10.     10.
      10.     10.
      10.     10.
      10.     10.
      10.     10.
      10.     10.
      10.     10.
      10.     10.
      10.     10.
      10.     10.
      10.     10.
      10.     10.
      10.     10.
      10.     10.
      10.     10.
      10.     10.
      10.     10.
      10.     10.
      10.     10.
      10.     10.
      10.     10.
      10.     10.
      10.     10.
      10.     10.
      10.     10.
      10.     10.
      10.     10.
      10.     10.
      10.     10.
      10.     10.
      10.     10.
      10.     10.
      11.     11.
      11.     11.
      11.     11.
      11.     11.
      11.     11.
      11.     11.
      11.     11.
      11.     11.
      11.     11.
      11.     11.
      11.     11.
      11.     11.
      11.     11.
      11.     11.
      12.     12.
      12.     12.
      12.     12.
      12.     12.
      12.     12.
      12.     12.
      12.     12.
      13.     13.
      13.     13.
      13.     13.
      13.     13.
      13.     13.
      14.     14.
      13.     13.
      14.     14.
      14.     14.
      14.     14.
      15.     15.
      15.     15.
      15.     15.
      16.     16.
      16.     16.
      17.     17.
      17.     17.
      18.     18.
      18.     18.
      19.     19.
      20.     20.
      21.     21.
      22.     22.
      23.     23.
      24.     24.
      25.     25.
      27.     27.
      29.     29.
      31.     31.
      33.     33.
      35.     35.
      39.     39.
      42.     42.
      46.     46.
      52.     52.
      58.     58.
      66.     66.
      76.     76.
      88.     88.
     106.    106.
     134.    134.
     182.    182.
     271.    271.
     434.    434.
     706.    706.
    1102.   1102.
    1581.   1581.
    2013.   2013.
    2184.   2184.
    1981.   1981.
    1547.   1547.
    1097.   1097.
     757.    757.
     573.    573.
     544.    544.
     645.    645.
     832.    832.
    1033.   1033.
    1138.   1138.
    1064.   1064.
     852.    852.
     608.    608.
     401.    401.
     256.    256.
     167.    167.
     117.    117.
      89.     89.
      73.     73.
      63.     63.
      55.     55.
      49.     49.
      44.     44.
      40.     40.
      36.     36.
      33.     33.
      31.     31.
      29.     29.
      27.     27.
      25.     25.
      24.     24.
      23.     23.
      22.     22.
      21.     21.
      20.     20.
      19.     19.
      18.     18.
      18.     18.
      17.     17.
      17.     17.
      16.     16.
      16.     16.
      15.     15.
      15.     15.
      15.     15.
      14.     14.
      14.     14.
      14.     14.
      13.     13.
      13.     13.
      13.     13.
      13.     13.
      12.     12.
      12.     12.
      12.     12.
      12.     12.
      12.     12.
      12.     12.
      12.     12.
      11.     11.
      11.     11.
      11.     11.
      11.     11.
      11.     11.
      11.     11.
      11.     11.
      11.     11.
      11.     11.
      10.     10.
      10.     10.
      10.     10.
      10.     10.
      10.     10.
      10.     10.
      10.     10.
      10.     10.
      10.     10.
      10.     10.
      10.     10.
      10.     10.
      10.     10.
      10.     10.
      10.     10.
      10.     10.
      10.     10.
      10.     10.
      10.     10.
      10.     10.
       9.      9.
       9.      9.
       9.      9.
       9.      9.
       9.      9.
       9.      9.
       9.      9.
       9.      9.
       9.      9.
       9.      9.
       9.      9.
       9.      9.
       9.      9.
       9.      9.
       9.      9.
       9.      9.
       9.      9.
       9.      9.
       9.      9.
       9.      9.
       9.      9.
       9.      9.
       9.      9.
       9.      9.
       9.      9.
       9.      9.
       9.      9.
       9.      9.
       9.      9.
       9.      9.
       9.      9.
       9.      9.
       9.      9.
       9.      9.
       9.      9.
       9.      9.
       9.      9.
       9.      9.
       9.      9.
       9.      9.
       9.      9.
       9.      9.
       9.      9.
       9.      9.
      10.     10.
      10.     10.
      10.     10.
      10.     10.
      10.     10.
      10.     10.
      10.     10.
      10.     10.
      10.     10.
      10.     10.
      10.     10.
      10.     10.
      10.     10.
      10.     10.
      10.     10.
      10.     10.
      10.     10.
      10.     10.
      11.     11.
      11.     11.
      11.     11.
      11.     11.
      11.     11.
      11.     11.
      11.     11.
      11.     11.
      11.     11.
      12.     12.
      12.     12.
      12.     12.
      12.     12.
      12.     12.
      13.     13.
      13.     13.
      13.     13.
      13.     13.
      14.     14.
      14.     14.
      14.     14.
      15.     15.
      15.     15.
      16.     16.
      16.     16.
      17.     17.
      17.     17.
      18.     18.
      18.     18.
      19.     19.
      20.     20.
      21.     21.
      22.     22.
      24.     24.
      25.     25.
      27.     27.
      29.     29.
      31.     31.
      34.     34.
      37.     37.
      42.     42.
      46.     46.
      52.     52.
      60.     60.
      70.     70.
      84.     84.
     106.    106.
     145.    145.
     215.    215.
     339.    339.
     537.    537.
     815.    815.
    1144.   1144.
    1442.   1442.
    1574.   1574.
    1460.   1460.
    1177.   1177.
     860.    860.
     599.    599.
     433.    433.
     368.    368.
     393.    393.
     490.    490.
     629.    629.
     763.    763.
     820.    820.
     758.    758.
     610.    610.
     443.    443.
     300.    300.
     196.    196.
     130.    130.
      92.     92.
      70.     70.
      57.     57.
      49.     49.
      43.     43.
      39.     39.
      35.     35.
      32.     32.
      29.     29.
      27.     27.
      25.     25.
      24.     24.
      22.     22.
      21.     21.
      20.     20.
      19.     19.
      18.     18.
      17.     17.
      17.     17.
      16.     16.
      16.     16.
      15.     15.
      15.     15.
      14.     14.
      14.     14.
      13.     13.
      13.     13.
      13.     13.
      13.     13.
      12.     12.
      12.     12.
      12.     12.
      12.     12.
      11.     11.
      11.     11.
      11.     11.
      11.     11.
      11.     11.
      11.     11.
      10.     10.
      10.     10.
      10.     10.
      10.     10.
      10.     10.
      10.     10.
      10.     10.
      10.     10.
      10.     10.
      10.     10.
      10.     10.
       9.      9.
       9.      9.
       9.      9.
       9.      9.
       9.      9.
       9.      9.
       9.      9.
       9.      9.
       9.      9.
       9.      9.
       9.      9.
       9.      9.
       9.      9.
       9.      9.
       9.      9.
       9.      9.
       9.      9.
       9.      9.
       9.      9.
       9.      9.
       9.      9.
       8.      8.
       8.      8.
       8.      8.
       8.      8.
       8.      8.
       8.      8.
       8.      8.
       8.      8.
       8.      8.
       8.      8.
       8.      8.
       8.      8.
       8.      8.
       8.      8.
       8.      8.
       8.      8.
       8.      8.
       8.      8.
       8.      8.
       8.      8.
       8.      8.
       8.      8.
       8.      8.
       8.      8.
       8.      8.
       8.      8.
       8.      8.
       8.      8.
       8.      8.
       8.      8.
       8.      8.
       8.      8.
       8.      8.
       8.      8.
       8.      8.
       8.      8.
       8.      8.
       8.      8.
       8.      8.
       8.      8.
       8.      8.
       8.      8.
       8.      8.
       8.      8.
       8.      8.
       8.      8.
       8.      8.
       8.      8.
       8.      8.
       8.      8.
       8.      8.
       8.      8.
       8.      8.
       8.      8.
       8.      8.
       8.      8.
       8.      8.
       8.      8.
       8.      8.
       8.      8.
       8.      8.
       8.      8.
       8.      8.
       8.      8.
       8.      8.
       8.      8.
       8.      8.
       8.      8.
       8.      8.
       8.      8.
       8.      8.
       8.      8.
       8.      8.
       8.      8.
       9.      9.
       9.      9.
       9.      9.
       9.      9.
       9.      9.
       9.      9.
       9.      9.
       9.      9.
       9.      9.
       9.      9.
       9.      9.
       9.      9.
      10.     10.
      10.     10.
      10.     10.
      10.     10.
      10.     10.
      11.     11.
      11.     11.
      11.     11.
      12.     12.
      12.     12.
      13.     13.
      13.     13.
      14.     14.
      15.     15.
      16.     16.
      17.     17.
      19.     19.
      21.     21.
      25.     25.
      32.     32.
      44.     44.
      64.     64.
      96.     96.
     141.    141.
     198.    198.
     255.    255.
     293.    293.
     292.    292.
     254.    254.
     199.    199.
     145.    145.
     104.    104.
      79.     79.
      70.     70.
      76.     76.
      93.     93.
     118.    118.
     143.    143.
     157.    157.
     152.    152.
     130.    130.
     101.    101.
      73.     73.
      51.     51.
      36.     36.
      27.     27.
      21.     21.
      18.     18.
      16.     16.
      15.     15.
      14.     14.
      13.     13.
      12.     12.
      12.     12.
      11.     11.
      11.     11.
      11.     11.
      10.     10.
      10.     10.
      10.     10.
      10.     10.
      10.     10.
       9.      9.
       9.      9.
       9.      9.
       9.      9.
       9.      9.
       9.      9.
       9.      9.
       9.      9.
       9.      9.
       9.      9.
       9.      9.
       8.      8.
       8.      8.
       8.      8.
       8.      8.
       8.      8.
       8.      8.
       8.      8.
       8.      8.
       8.      8.
       8.      8.
       8.      8.
       8.      8.
       8.      8.
       8.      8.
       8.      8.
       8.      8.
       8.      8.
       8.      8.
       8.      8.
       8.      8.
       8.      8.
       8.      8.
       8.      8.
       8.      8.
       8.      8.
       8.      8.
       8.      8.
       8.      8.
       8.      8.
       8.      8.
       8.      8.
       8.      8.
       8.      8.
       8.      8.
       8.      8.
       8.      8.
       8.      8.
       8.      8.
       8.      8.
       8.      8.
       8.      8.
       8.      8.
       8.      8.
       8.      8.
       8.      8.
       8.      8.
       8.      8.
       8.      8.
       8.      8.
       8.      8.
       8.      8.
       8.      8.
       8.      8.
       8.      8.
       8.      8.
       8.      8.
       8.      8.
       8.      8.
       8.      8.
       8.      8.
       8.      8.
       8.      8.
       8.      8.
       8.      8.
       8.      8.
       8.      8.
       8.      8.
       8.      8.
       8.      8.
       8.      8.
       8.      8.
       8.      8.
       8.      8.
       8.      8.
       8.      8.
       8.      8.
       8.      8.
       8.      8.
       8.      8.
       9.      9.
       9.      9.
       9.      9.
       9.      9.
       9.      9.
       9.      9.
       9.      9.
       9.      9.
       9.      9.
       9.      9.
       9.      9.
       9.      9.
       9.      9.
       9.      9.
       9.      9.
       9.      9.
       9.      9.
       9.      9.
       9.      9.
       9.      9.
      10.     10.
      10.     10.
      10.     10.
      10.     10.
      10.     10.
      10.     10.
      10.     10.
      10.     10.
      10.     10.
      10.     10.
      11.     11.
      11.     11.
      11.     11.
      11.     11.
      11.     11.
      11.     11.
      12.     12.
      12.     12.
      12.     12.
      12.     12.
      13.     13.
      13.     13.
      13.     13.
      14.     14.
      14.     14.
      15.     15.
      15.     15.
      16.     16.
      16.     16.
      17.     17.
      18.     18.
      19.     19.
      20.     20.
      21.     21.
      22.     22.
      24.     24.
      25.     25.
      27.     27.
      30.     30.
      33.     33.
      36.     36.
      40.     40.
      46.     46.
      53.     53.
      63.     63.
      79.     79.
     107.    107.
     155.    155.
     233.    233.
     351.    351.
     510.    510.
     698.    698.
     880.    880.
     995.    995.
     988.    988.
     863.    863.
     682.    682.
     503.    503.
     360.    360.
     265.    265.
     220.    220.
     220.    220.
     259.    259.
     328.    328.
     413.    413.
     490.    490.
     525.    525.
     498.    498.
     421.    421.
     325.    325.
     234.    234.
     163.    163.
     112.    112.
      79.     79.
      59.     59.
      47.     47.
      40.     40.
      35.     35.
      31.     31.
      28.     28.
      26.     26.
      24.     24.
      23.     23.
      21.     21.
      20.     20.
      19.     19.
      18.     18.
      17.     17.
      17.     17.
      16.     16.
      15.     15.
      15.     15.
      15.     15.
      14.     14.
      14.     14.
      13.     13.
      13.     13.
      13.     13.
      13.     13.
      12.     12.
      12.     12.
      12.     12.
      12.     12.
      12.     12.
      11.     11.
      11.     11.
      11.     11.
      11.     11.
      11.     11.
      11.     11.
      11.     11.
      11.     11.
      11.     11.
      10.     10.
      10.     10.
      10.     10.
      10.     10.
      10.     10.
      10.     10.
      10.     10.
      10.     10.
      10.     10.
      10.     10.
      10.     10.
      10.     10.
      10.     10.
      10.     10.
      10.     10.
      10.     10.
      10.     10.
      10.     10.
      10.     10.
      10.     10.
      10.     10.
      10.     10.
      10.     10.
       9.      9.
       9.      9.
       9.      9.
       9.      9.
       9.      9.
       9.      9.
       9.      9.
       9.      9.
       9.      9.
       9.      9.
       9.      9.
       9.      9.
       9.      9.
       9.      9.
       9.      9.
       9.      9.
       9.      9.
       9.      9.
       9.      9.
       9.      9.
       9.      9.
       9.      9.
       9.      9.
      10.     10.
      10.     10.
      10.     10.
      10.     10.
      10.     10.
      10.     10.
      10.     10.
      10.     10.
      10.     10.
      10.     10.
      10.     10.
      10.     10.
      10.     10.
      10.     10.
      10.     10.
      10.     10.
      10.     10.
      10.     10.
      10.     10.
      10.     10.
      10.     10.
      10.     10.
      10.     10.
      10.     10.
      10.     10.
      10.     10.
      10.     10.
      11.     11.
      11.     11.
      11.     11.
      11.     11.
      11.     11.
      11.     11.
      11.     11.
      11.     11.
      11.     11.
      11.     11.
      11.     11.
      12.     12.
      12.     12.
      12.     12.
      12.     12.
      12.     12.
      12.     12.
      13.     13.
      13.     13.
      13.     13.
      13.     13.
      13.     13.
      14.     14.
      14.     14.
      14.     14.
      14.     14.
      15.     15.
      15.     15.
      15.     15.
      16.     16.
      16.     16.
      17.     17.
      17.     17.
      18.     18.
      18.     18.
      19.     19.
      20.     20.
      20.     20.
      21.     21.
      22.     22.
      23.     23.
      25.     25.
      26.     26.
      27.     27.
      29.     29.
      31.     31.
      34.     34.
      36.     36.
      39.     39.
      43.     43.
      47.     47.
      52.     52.
      59.     59.
      67.     67.
      77.     77.
      93.     93.
     116.    116.
     155.    155.
     220.    220.
     325.    325.
     482.    482.
     696.    696.
     958.    958.
    1230.   1230.
    1446.   1446.
    1522.   1522.
    1420.   1420.
    1193.   1193.
     926.    926.
     682.    682.
     493.    493.
     371.    371.
     315.    315.
     317.    317.
     371.    371.
     466.    466.
     586.    586.
     704.    704.
     781.    781.
     778.    778.
     694.    694.
     563.    563.
     426.    426.
     306.    306.
     214.    214.
     149.    149.
     107.    107.
      82.     82.
      66.     66.
      56.     56.
      49.     49.
      44.     44.
      39.     39.
      36.     36.
      33.     33.
      31.     31.
      29.     29.
      27.     27.
      25.     25.
      24.     24.
      23.     23.
      22.     22.
      21.     21.
      20.     20.
      19.     19.
      19.     19.
      18.     18.
      17.     17.
      17.     17.
      16.     16.
      16.     16.
      15.     15.
      15.     15.
      15.     15.
      14.     14.
      14.     14.
      14.     14.
      14.     14.
      13.     13.
      13.     13.
      13.     13.
      13.     13.
      13.     13.
      12.     12.
      12.     12.
      12.     12.
      12.     12.
      12.     12.
      12.     12.
      11.     11.
      11.     11.
      11.     11.
      11.     11.
      11.     11.
      11.     11.
      11.     11.
      11.     11.
      11.     11.
      11.     11.
      11.     11.
      10.     10.
      10.     10.
      10.     10.
      10.     10.
      10.     10.
      10.     10.
      10.     10.
      10.     10.
      10.     10.
      10.     10.
      10.     10.
      10.     10.
      10.     10.
      10.     10.
      10.     10.
      10.     10.
      10.     10.
      10.     10.
      10.     10.
      10.     10.
      10.     10.
      10.     10.
       9.      9.
       9.      9.
       9.      9.
       9.      9.
       9.      9.
       9.      9.
       9.      9.
       9.      9.
       9.      9.
       9.      9.
       9.      9.
       9.      9.
       9.      9.
       9.      9.
       9.      9.
       9.      9.
       9.      9.
       9.      9.
       9.      9.
       9.      9.
       9.      9.
       9.      9.
       9.      9.
       9.      9.
       9.      9.
       9.      9.
       9.      9.
       9.      9.
       9.      9.
       9.      9.
       9.      9.
       9.      9.
       9.      9.
       9.      9.
       9.      9.
       9.      9.
       9.      9.
       9.      9.
       9.      9.
       9.      9.
       9.      9.
       9.      9.
       9.      9.
       9.      9.
       9.      9.
       9.      9.
       9.      9.
       9.      9.
       9.      9.
       9.      9.
       9.      9.
       9.      9.
       9.      9.
       9.      9.
       9.      9.
       9.      9.
       9.      9.
       9.      9.
       9.      9.
       9.      9.
       9.      9.
       9.      9.
       9.      9.
       9.      9.
       9.      9.
       9.      9.
       9.      9.
       9.      9.
       9.      9.
       9.      9.
       9.      9.
       9.      9.
       9.      9.
       9.      9.
       9.      9.
       9.      9.
       9.      9.
       9.      9.
       9.      9.
       9.      9.
       9.      9.
       9.      9.
       9.      9.
       9.      9.
       9.      9.
       9.      9.
       9.      9.
       9.      9.
       9.      9.
       9.      9.
       9.      9.
       9.      9.
       9.      9.
       9.      9.
       9.      9.
       9.      9.
       9.      9.
       9.      9.
       9.      9.
       9.      9.
       9.      9.
       9.      9.
       9.      9.
       9.      9.
       9.      9.
       9.      9.
       9.      9.
       9.      9.
       9.      9.
       9.      9.
       9.      9.
       9.      9.
       9.      9.
       9.      9.
       9.      9.
       9.      9.
       9.      9.
       9.      9.
       9.      9.
       9.      9.
       9.      9.
       9.      9.
       9.      9.
       9.      9.
       9.      9.
       9.      9.
       9.      9.
       9.      9.
       9.      9.
       9.      9.
       9.      9.
       9.      9.
       9.      9.
       9.      9.
       9.      9.
       9.      9.
       9.      9.
       9.      9.
       9.      9.
       9.      9.
       9.      9.
       9.      9.
       9.      9.
       9.      9.
       9.      9.
       9.      9.
       9.      9.
       9.      9.
       9.      9.
       9.      9.
       9.      9.
       9.      9.
       9.      9.
       9.      9.
       9.      9.
       9.      9.
       9.      9.
       9.      9.
       9.      9.
       9.      9.
       9.      9.
       9.      9.
       9.      9.
       9.      9.
       9.      9.
       9.      9.
       9.      9.
       9.      9.
       9.      9.
       9.      9.
       9.      9.
       9.      9.
       9.      9.
       9.      9.
       9.      9.
       9.      9.
       9.      9.
       9.      9.
       9.      9.
       9.      9.
       9.      9.
       9.      9.
       9.      9.
       9.      9.
       9.      9.
       9.      9.
       9.      9.
       9.      9.
       9.      9.
       9.      9.
       9.      9.
       9.      9.
       9.      9.
       9.      9.
       9.      9.
       9.      9.
       9.      9.
       9.      9.
       9.      9.
       9.      9.
       9.      9.
       9.      9.
       9.      9.
       9.      9.
       9.      9.
       9.      9.
       9.      9.
       9.      9.
       9.      9.
       9.      9.
       9.      9.
       9.      9.
       9.      9.
       9.      9.
       9.      9.
       9.      9.
       9.      9.
       9.      9.
       9.      9.
       9.      9.
       9.      9.
       9.      9.
       9.      9.
       9.      9.
       9.      9.
       9.      9.
       9.      9.
       9.      9.
       9.      9.
       9.      9.
       9.      9.
      10.     10.
      10.     10.
      10.     10.
      10.     10.
      10.     10.
      10.     10.
      10.     10.
      10.     10.
      10.     10.
      10.     10.
      10.     10.
      10.     10.
      10.     10.
      10.     10.
      10.     10.
      10.     10.
      10.     10.
      10.     10.
      10.     10.
      10.     10.
      10.     10.
      10.     10.
      10.     10.
      10.     10.
      10.     10.
      11.     11.
      11.     11.
      11.     11.
      11.     11.
      11.     11.
      11.     11.
      11.     11.
      11.     11.
      11.     11.
      11.     11.
      11.     11.
      12.     12.
      12.     12.
      12.     12.
      12.     12.
      12.     12.
      12.     12.
      13.     13.
      13.     13.
      13.     13.
      14.     14.
      14.     14.
      14.     14.
      15.     15.
      15.     15.
      16.     16.
      17.     17.
      18.     18.
      19.     19.
      21.     21.
      23.     23.
      26.     26.
      30.     30.
      38.     38.
      50.     50.
      67.     67.
      92.     92.
     124.    124.
     161.    161.
     200.    200.
     232.    232.
     249.    249.
     243.    243.
     218.    218.
     182.    182.
     144.    144.
     110.    110.
      84.     84.
      67.     67.
      57.     57.
      55.     55.
      59.     59.
      68.     68.
      83.     83.
     100.    100.
     117.    117.
     130.    130.
     134.    134.
     126.    126.
     110.    110.
      91.     91.
      72.     72.
      55.     55.
      42.     42.
      33.     33.
      27.     27.
      23.     23.
      20.     20.
      18.     18.
      17.     17.
      16.     16.
      16.     16.
      15.     15.
      14.     14.
      14.     14.
      14.     14.
      13.     13.
      13.     13.
      13.     13.
      13.     13.
      13.     13.
      12.     12.
      12.     12.
      12.     12.
      12.     12.
      12.     12.
      12.     12.
      12.     12.
      12.     12.
      12.     12.
      12.     12.
      12.     12.
      11.     11.
      11.     11.
      11.     11.
      11.     11.
      11.     11.
      11.     11.
      11.     11.
      11.     11.
      11.     11.
      11.     11.
      11.     11.
      11.     11.
      11.     11.
      11.     11.
      11.     11.
      11.     11.
      11.     11.
      11.     11.
      11.     11.
      11.     11.
      11.     11.
      11.     11.
      11.     11.
      11.     11.
      11.     11.
      11.     11.
      11.     11.
      11.     11.
      11.     11.
      11.     11.
      11.     11.
      11.     11.
      11.     11.
      11.     11.
      11.     11.
      11.     11.
      11.     11.
      11.     11.
      11.     11.
      11.     11.
      11.     11.
      11.     11.
      11.     11.
      11.     11.
      11.     11.
      11.     11.
      11.     11.
      11.     11.
      11.     11.
      11.     11.
      11.     11.
      12.     12.
      12.     12.
      12.     12.
      12.     12.
      12.     12.
      12.     12.
      12.     12.
      12.     12.
      12.     12.
      12.     12.
      12.     12.
      12.     12.
      12.     12.
      12.     12.
      12.     12.
      12.     12.
      12.     12.
      12.     12.
      12.     12.
      12.     12.
      12.     12.
      12.     12.
      12.     12.
      12.     12.
      13.     13.
      13.     13.
      13.     13.
      13.     13.
      13.     13.
      13.     13.
      13.     13.
      13.     13.
      13.     13.
      13.     13.
      13.     13.
      13.     13.
      13.     13.
      14.     14.
      14.     14.
      14.     14.
      14.     14.
      14.     14.
      14.     14.
      14.     14.
      14.     14.
      15.     15.
      15.     15.
      15.     15.
      15.     15.
      15.     15.
      16.     16.
      16.     16.
      16.     16.
      16.     16.
      16.     16.
      17.     17.
      17.     17.
      17.     17.
      18.     18.
      18.     18.
      18.     18.
      19.     19.
      19.     19.
      20.     20.
      20.     20.
      21.     21.
      22.     22.
      22.     22.
      23.     23.
      24.     24.
      25.     25.
      26.     26.
      27.     27.
      28.     28.
      30.     30.
      31.     31.
      33.     33.
      35.     35.
      38.     38.
      40.     40.
      44.     44.
      48.     48.
      52.     52.
      58.     58.
      65.     65.
      75.     75.
      88.     88.
     109.    109.
     142.    142.
     191.    191.
     264.    264.
     366.    366.
     500.    500.
     664.    664.
     846.    846.
    1020.   1020.
    1152.   1152.
    1201.   1201.
    1149.   1149.
    1017.   1017.
     845.    845.
     669.    669.
     513.    513.
     388.    388.
     300.    300.
     247.    247.
     227.    227.
     235.    235.
     269.    269.
     326.    326.
     401.    401.
     484.    484.
     561.    561.
