  5.0000   .0200 75.0000
   371.    370.    370.    370.    370.    370.    370.    369.
   369.    369.    369.    369.    368.    368.    368.    368.
   368.    368.    367.    367.    367.    367.    367.    366.
   366.    366.    366.    366.    366.    365.    365.    365.
   365.    365.    364.    364.    364.    364.    364.    364.
   363.    363.    363.    363.    363.    362.    362.    362.
   362.    362.    362.    361.    361.    361.    361.    361.
   361.    360.    360.    360.    360.    360.    359.    359.
   359.    359.    359.    359.    358.    358.    358.    358.
   358.    357.    357.    357.    357.    357.    357.    356.
   356.    356.    356.    356.    356.    355.    355.    355.
   355.    355.    354.    354.    354.    354.    354.    354.
   353.    353.    353.    353.    353.    353.    352.    352.
   352.    352.    352.    351.    351.    351.    351.    351.
   351.    350.    350.    350.    350.    350.    350.    349.
   349.    349.    349.    349.    348.    348.    348.    348.
   348.    348.    347.    347.    347.    347.    347.    347.
   346.    346.    346.    346.    346.    345.    345.    345.
   345.    345.    345.    344.    344.    344.    344.    344.
   344.    343.    343.    343.    343.    343.    343.    342.
   342.    342.    342.    342.    341.    341.    341.    341.
   341.    341.    340.    340.    340.    340.    340.    340.
   339.    339.    339.    339.    339.    339.    338.    338.
   338.    338.    338.    338.    337.    337.    337.    337.
   337.    336.    336.    336.    336.    336.    336.    335.
   335.    335.    335.    335.    335.    334.    334.    334.
   334.    334.    334.    333.    333.    333.    333.    333.
   333.    332.    332.    332.    332.    332.    332.    331.
   331.    331.    331.    331.    330.    330.    330.    330.
   330.    330.    329.    329.    329.    329.    329.    329.
   328.    328.    328.    328.    328.    328.    327.    327.
   327.    327.    327.    327.    326.    326.    326.    326.
   326.    326.    325.    325.    325.    325.    325.    325.
   324.    324.    324.    324.    324.    324.    323.    323.
   323.    323.    323.    323.    322.    322.    322.    322.
   322.    322.    321.    321.    321.    321.    321.    321.
   320.    320.    320.    320.    320.    320.    319.    319.
   319.    319.    319.    319.    318.    318.    318.    318.
   318.    318.    317.    317.    317.    317.    317.    317.
   316.    316.    316.    316.    316.    316.    315.    315.
   315.    315.    315.    315.    314.    314.    314.    314.
   314.    314.    313.    313.    313.    313.    313.    313.
   312.    312.    312.    312.    312.    312.    311.    311.
   311.    311.    311.    311.    310.    310.    310.    310.
   310.    310.    309.    309.    309.    309.    309.    309.
   309.    308.    308.    308.    308.    308.    308.    307.
   307.    307.    307.    307.    307.    306.    306.    306.
   306.    306.    306.    305.    305.    305.    305.    305.
   305.    304.    304.    304.    304.    304.    304.    303.
   303.    303.    303.    303.    303.    303.    302.    302.
   302.    302.    302.    302.    301.    301.    301.    301.
   301.    301.    300.    300.    300.    300.    300.    300.
   299.    299.    299.    299.    299.    299.    298.    298.
   298.    298.    298.    298.    298.    297.    297.    297.
   297.    297.    297.    296.    296.    296.    296.    296.
   296.    295.    295.    295.    295.    295.    295.    295.
   294.    294.    294.    294.    294.    294.    293.    293.
   293.    293.    293.    293.    292.    292.    292.    292.
   292.    292.    292.    291.    291.    291.    291.    291.
   291.    290.    290.    290.    290.    290.    290.    289.
   289.    289.    289.    289.    289.    289.    288.    288.
   288.    288.    288.    288.    287.    287.    287.    287.
   287.    287.    287.    286.    286.    286.    286.    286.
   286.    285.    285.    285.    285.    285.    285.    284.
   284.    284.    284.    284.    284.    284.    283.    283.
   283.    283.    283.    283.    282.    282.    282.    282.
   282.    282.    282.    281.    281.    281.    281.    281.
   281.    280.    280.    280.    280.    280.    280.    280.
   279.    279.    279.    279.    279.    279.    278.    278.
   278.    278.    278.    278.    278.    277.    277.    277.
   277.    277.    277.    277.    276.    276.    276.    276.
   276.    276.    275.    275.    275.    275.    275.    275.
   275.    274.    274.    274.    274.    274.    274.    273.
   273.    273.    273.    273.    273.    273.    272.    272.
   272.    272.    272.    272.    272.    271.    271.    271.
   271.    271.    271.    270.    270.    270.    270.    270.
   270.    270.    269.    269.    269.    269.    269.    269.
   269.    268.    268.    268.    268.    268.    268.    267.
   267.    267.    267.    267.    267.    267.    266.    266.
   266.    266.    266.    266.    266.    265.    265.    265.
   265.    265.    265.    264.    264.    264.    264.    264.
   264.    264.    263.    263.    263.    263.    263.    263.
   263.    262.    262.    262.    262.    262.    262.    262.
   261.    261.    261.    261.    261.    261.    261.    260.
   260.    260.    260.    260.    260.    259.    259.    259.
   259.    259.    259.    259.    258.    258.    258.    258.
   258.    258.    258.    257.    257.    257.    257.    257.
   257.    257.    256.    256.    256.    256.    256.    256.
   256.    255.    255.    255.    255.    255.    255.    255.
   254.    254.    254.    254.    254.    254.    254.    253.
   253.    253.    253.    253.    253.    253.    252.    252.
   252.    252.    252.    252.    252.    251.    251.    251.
   251.    251.    251.    251.    250.    250.    250.    250.
   250.    250.    250.    249.    249.    249.    249.    249.
   249.    249.    248.    248.    248.    248.    248.    248.
   248.    247.    247.    247.    247.    247.    247.    247.
   246.    246.    246.    246.    246.    246.    246.    245.
   245.    245.    245.    245.    245.    245.    244.    244.
   244.    244.    244.    244.    244.    243.    243.    243.
   243.    243.    243.    243.    242.    242.    242.    242.
   242.    242.    242.    242.    241.    241.    241.    241.
   241.    241.    241.    240.    240.    240.    240.    240.
   240.    240.    239.    239.    239.    239.    239.    239.
   239.    238.    238.    238.    238.    238.    238.    238.
   237.    237.    237.    237.    237.    237.    237.    237.
   236.    236.    236.    236.    236.    236.    236.    235.
   235.    235.    235.    235.    235.    235.    234.    234.
   234.    234.    234.    234.    234.    234.    233.    233.
   233.    233.    233.    233.    233.    232.    232.    232.
   232.    232.    232.    232.    231.    231.    231.    231.
   231.    231.    231.    231.    230.    230.    230.    230.
   230.    230.    230.    229.    229.    229.    229.    229.
   229.    229.    228.    228.    228.    228.    228.    228.
   228.    228.    227.    227.    227.    227.    227.    227.
   227.    226.    226.    226.    226.    226.    226.    226.
   226.    225.    225.    225.    225.    225.    225.    225.
   224.    224.    224.    224.    224.    224.    224.    224.
   223.    223.    223.    223.    223.    223.    223.    223.
   222.    222.    222.    222.    222.    222.    222.    221.
   221.    221.    221.    221.    221.    221.    221.    220.
   220.    220.    220.    220.    220.    220.    219.    219.
   219.    219.    219.    219.    219.    219.    218.    218.
   218.    218.    218.    218.    218.    218.    217.    217.
   217.    217.    217.    217.    217.    216.    216.    216.
   216.    216.    216.    216.    216.    215.    215.    215.
   215.    215.    215.    215.    215.    214.    214.    214.
   214.    214.    214.    214.    214.    213.    213.    213.
   213.    213.    213.    213.    212.    212.    212.    212.
   212.    212.    212.    212.    211.    211.    211.    211.
   211.    211.    211.    211.    210.    210.    210.    210.
   210.    210.    210.    210.    209.    209.    209.    209.
   209.    209.    209.    209.    208.    208.    208.    208.
   208.    208.    208.    208.    207.    207.    248.    251.
   254.    258.    284.    290.    298.    307.    317.    328.
   342.    358.    376.    398.    424.    456.    494.    541.
   600.    673.    767.    890.   1052.   1275.   1594.   2098.
  3052.   5114.   9165.  14975.  18903.  16603.  13201.  11781.
  9391.   5711.   3042.   1665.   1059.    788.    644.    555.
   493.    449.    416.    390.    369.    352.    338.    326.
   315.    306.    298.    291.    285.    279.    274.    269.
   264.    260.    257.    220.    219.    217.    199.    199.
   199.    199.    199.    199.    199.    198.    198.    198.
   198.    198.    198.    198.    198.    197.    197.    197.
   197.    197.    197.    197.    197.    196.    196.    196.
   196.    196.    196.    196.    196.    195.    195.    195.
   195.    195.    195.    195.    195.    195.    194.    194.
   194.    194.    194.    194.    194.    194.    193.    193.
   193.    193.    193.    193.    193.    193.    192.    192.
   192.    192.    192.    192.    192.    192.    192.    191.
   191.    191.    191.    191.    191.    191.    191.    190.
   190.    190.    190.    190.    190.    190.    190.    190.
   189.    189.    189.    189.    189.    189.    189.    189.
   188.    188.    188.    188.    188.    188.    188.    188.
   188.    187.    187.    187.    187.    187.    187.    187.
   187.    186.    186.    186.    186.    186.    186.    186.
   186.    186.    185.    185.    185.    185.    185.    185.
   185.    185.    184.    184.    184.    184.    184.    184.
   184.    184.    184.    183.    183.    183.    183.    183.
   183.    183.    183.    183.    182.    182.    182.    182.
   182.    182.    182.    182.    182.    181.    181.    181.
   181.    181.    181.    181.    181.    180.    180.    180.
   180.    180.    180.    180.    180.    180.    179.    179.
   179.    179.    179.    179.    181.    181.    181.    181.
   183.    183.    183.    184.    184.    184.    185.    186.
   187.    188.    189.    191.    193.    195.    199.    203.
   208.    215.    224.    237.    256.    289.    356.    500.
   759.   1066.   1141.    920.    757.    739.    689.    516.
   359.    270.    229.    211.    201.    196.    192.    189.
   187.    185.    183.    182.    181.    180.    180.    179.
   178.    178.    177.    177.    177.    176.    176.    176.
   175.    173.    173.    173.    173.    172.    171.    171.
   171.    171.    171.    171.    197.    198.    200.    203.
   206.    222.    227.    232.    238.    245.    253.    262.
   273.    286.    302.    321.    343.    371.    406.    450.
   506.    579.    676.    810.   1004.   1316.   1922.   3243.
  5811.   9396.  11509.   9555.   7017.   6350.   6499.   5184.
  3130.   1710.    993.    678.    530.    447.    393.    354.
   326.    305.    288.    274.    263.    253.    245.    238.
   232.    227.    222.    218.    214.    211.    208.    205.
   202.    178.    177.    176.    175.    164.    164.    164.
   163.    163.    163.    163.    163.    163.    163.    163.
   163.    163.    162.    162.    162.    162.    162.    162.
   162.    162.    162.    161.    161.    161.    161.    161.
   161.    161.    161.    161.    161.    160.    160.    160.
   160.    160.    160.    160.    160.    160.    160.    159.
   159.    159.    159.    159.    159.    159.    159.    159.
   158.    158.    158.    158.    158.    158.    158.    158.
   158.    158.    157.    157.    157.    157.    157.    157.
   157.    157.    157.    157.    156.    156.    156.    156.
   156.    156.    156.    156.    156.    156.    155.    155.
   155.    155.    155.    155.    155.    155.    155.    155.
   154.    154.    154.    154.    154.    154.    154.    154.
   154.    154.    153.    153.    153.    153.    153.    153.
   153.    153.    153.    153.    152.    152.    152.    152.
   152.    152.    152.    152.    152.    152.    151.    151.
   151.    151.    151.    151.    151.    151.    151.    151.
   150.    150.    150.    150.    150.    150.    150.    150.
   150.    150.    149.    149.    149.    149.    149.    149.
   149.    149.    149.    149.    148.    148.    148.    148.
   148.    148.    148.    148.    148.    148.    147.    147.
   147.    147.    147.    147.    147.    147.    147.    147.
   147.    146.    146.    146.    146.    146.    146.    146.
   146.    146.    146.    145.    145.    145.    145.    145.
   145.    145.    145.    145.    145.    144.    144.    144.
   144.    144.    144.    144.    144.    156.    157.    158.
   159.    160.    168.    170.    172.    175.    178.    181.
   185.    190.    196.    203.    211.    221.    233.    249.
   268.    292.    324.    367.    425.    508.    640.    890.
  1434.   2527.   4168.   5405.   4703.   3234.   2544.   2727.
  2989.   2389.   1465.    836.    520.    380.    313.    274.
   249.    230.    217.    206.    198.    191.    186.    181.
   177.    174.    171.    168.    166.    164.    162.    160.
   159.    157.    145.    145.    144.    144.    143.    138.
   137.    137.    137.    137.    137.    137.    137.    137.
   137.    137.    137.    136.    136.    136.    136.    136.
   136.    136.    136.    136.    136.    136.    135.    135.
   135.    135.    135.    135.    135.    135.    135.    135.
   135.    135.    134.    134.    134.    134.    134.    134.
   134.    134.    134.    134.    134.    133.    133.    133.
   133.    133.    133.    133.    133.    133.    133.    133.
   132.    132.    132.    132.    132.    132.    132.    132.
   132.    132.    132.    131.    131.    131.    131.    131.
   131.    131.    131.    131.    131.    131.    131.    130.
   130.    130.    130.    130.    130.    130.    130.    130.
   130.    130.    129.    129.    129.    129.    129.    129.
   129.    129.    129.    129.    129.    129.    128.    128.
   128.    128.    128.    128.    128.    128.    128.    128.
   128.    128.    127.    127.    127.    127.    127.    127.
   127.    127.    127.    127.    127.    127.    127.    126.
   126.    126.    126.    126.    126.    126.    126.    126.
   126.    126.    126.    127.    128.    130.    134.    136.
   134.    131.    129.    129.    130.    130.    128.    126.
   125.    125.    124.    124.    124.    124.    124.    124.
   124.    124.    123.    123.    123.    123.    123.    123.
   123.    123.    123.    123.    123.    123.    123.    123.
   123.    123.    123.    123.    123.    123.    123.    123.
   123.    124.    124.    124.    124.    125.    126.    126.
   128.    129.    132.    135.    142.    157.    187.    236.
   281.    271.    222.    188.    183.    198.    207.    186.
   158.    140.    131.    127.    125.    123.    123.    122.
   121.    121.    121.    120.    120.    120.    120.    120.
   119.    119.    119.    119.    119.    119.    119.    118.
   118.    118.    118.    118.    118.    117.    117.    117.
   117.    117.    117.    117.    117.    117.    117.    117.
   116.    116.    116.    116.    116.    116.    116.    116.
   116.    116.    116.    116.    116.    115.    115.    115.
   115.    115.    115.    115.    115.    115.    115.    115.
   115.    115.    114.    114.    114.    114.    114.    114.
   114.    114.    114.    114.    114.    114.    114.    113.
   113.    113.    113.    113.    113.    113.    113.    113.
   113.    113.    113.    113.    112.    112.    112.    112.
   112.    112.    112.    112.    112.    112.    112.    112.
   112.    111.    111.    111.    111.    111.    111.    111.
   111.    111.    111.    111.    111.    111.    111.    110.
   110.    110.    110.    110.    110.    110.    110.    110.
   110.    110.    110.    110.    109.    109.    109.    109.
   109.    109.    109.    109.    109.    109.    109.    109.
   109.    109.    108.    108.    108.    108.    108.    108.
   108.    108.    108.    108.    108.    108.    108.    108.
   107.    107.    107.    107.    107.    107.    107.    107.
   107.    107.    107.    107.    107.    107.    106.    106.
   106.    106.    106.    106.    106.    106.    106.    106.
   106.    106.    106.    106.    106.    106.    105.    105.
   105.    105.    105.    105.    105.    105.    105.    105.
   105.    105.    105.    105.    106.    106.    107.    109.
   113.    119.    124.    121.    115.    111.    110.    112.
   114.    113.    110.    107.    105.    104.    104.    104.
   103.    103.    103.    103.    103.    103.    103.    103.
   103.    102.    102.    102.    102.    102.    102.    102.
   102.    102.    102.    102.    102.    102.    101.    101.
   101.    101.    101.    101.    101.    101.    101.    101.
   101.    101.    101.    101.    101.    100.    100.    100.
   100.    100.    100.    100.    100.    100.    100.    100.
   100.    100.    100.    100.     99.     99.     99.     99.
    99.     99.     99.     99.     99.     99.     99.     99.
    99.     99.     99.     98.     98.     98.     98.     98.
    98.     98.     98.     98.     98.     98.     98.     98.
    98.     98.     98.     97.     97.     97.     97.     97.
    97.     97.     97.     97.     97.     97.     97.     97.
    97.     97.     97.     96.     96.     96.     96.     96.
    96.     96.     96.     96.     96.     98.     98.     98.
    98.     99.     99.     99.    100.    101.    101.    102.
   102.    103.    104.    105.    106.    107.    109.    111.
   114.    117.    122.    128.    135.    146.    162.    188.
   240.    352.    562.    849.   1013.    838.    559.    388.
   353.    427.    543.    557.    423.    281.    194.    152.
   132.    122.    116.    112.    109.    107.    105.    103.
   102.    101.    100.     99.     99.     98.     98.     97.
    97.     96.     96.     96.     93.     93.     93.     93.
    93.     93.     93.     92.     91.     91.     91.     91.
    91.     91.     91.     91.     91.     91.     91.     91.
    91.     91.     91.     91.     91.     91.     90.     90.
    90.     90.     90.     90.     90.     90.     90.     90.
    90.     90.     90.     90.     90.     90.     90.     89.
    89.     89.     89.     89.     89.     89.     89.     89.
    89.     89.     89.     89.     89.     89.     89.     89.
    89.     88.     88.     88.     88.     88.     88.     88.
    88.     88.     88.     88.     88.     88.     88.     88.
    88.     88.     88.     87.     87.     87.     87.     87.
    87.     87.     87.     87.     87.     87.     87.     87.
    87.     87.     87.     87.     87.     86.     86.     86.
    86.     86.     86.     86.     86.     86.     86.     86.
    86.     86.     86.     86.     86.     86.     86.     86.
    85.     85.     85.     85.     85.     85.     85.     85.
    85.     85.     85.     85.     85.     85.     85.     85.
    85.     85.     85.     84.     84.     84.     84.     84.
    84.     84.     84.     84.     84.     84.     84.     84.
    84.     84.     84.     84.     84.     84.     83.     83.
    83.     83.     83.     83.     83.     83.     83.     83.
    83.     83.     83.     83.     83.     83.     83.     83.
    83.     83.     82.     82.     82.     82.     82.     83.
    83.     83.     83.     84.     84.     84.     84.     84.
    85.     85.     85.     85.     86.     86.     87.     87.
    88.     89.     90.     91.     93.     95.     98.    102.
   108.    118.    136.    176.    257.    391.    532.    540.
   409.    280.    210.    199.    235.    299.    333.    283.
   207.    152.    122.    108.    100.     96.     93.     91.
    89.     88.     87.     86.     85.     84.     84.     83.
    83.     83.     82.     82.     82.     82.     81.     80.
    80.     80.     80.     80.     80.     79.     79.     79.
    79.     79.     79.     79.     79.     78.     78.     78.
    78.     78.     78.     78.     78.     78.     78.     78.
    78.     78.     78.     78.     78.     78.     78.     78.
    78.     78.     78.     78.     77.     77.     77.     77.
    77.     77.     77.     77.     77.     77.     77.     77.
    77.     77.     77.     77.     77.     77.     77.     77.
    77.     77.     76.     76.     76.     76.     76.     76.
    76.     76.     76.     76.     76.     76.     76.     76.
    76.     76.     76.     76.     76.     76.     76.     76.
    76.     76.     76.     76.     76.     77.     77.     77.
    77.     77.     77.     77.     78.     78.     78.     79.
    80.     81.     82.     85.     89.     96.    112.    144.
   191.    232.    221.    174.    134.    113.    110.    121.
   142.    158.    147.    122.    102.     90.     84.     83.
    81.     80.     80.     79.     79.     79.     79.     79.
    80.     80.     80.     80.     81.     81.     82.     83.
    84.     85.     86.     88.     91.     94.     99.    105.
   114.    128.    155.    211.    326.    517.    728.    767.
   585.    386.    265.    225.    249.    327.    422.    435.
   338.    233.    163.    127.    110.    100.     95.     90.
    87.     85.     83.     82.     81.     80.     79.     78.
    77.     77.     76.     76.     76.     75.     75.     75.
    73.     73.     73.     72.     72.     72.     72.     72.
    71.     71.     71.     71.     71.     71.     71.     71.
    71.     71.     71.     71.     71.     71.     71.     71.
    71.     71.     71.     71.     70.     70.     70.     70.
    70.     70.     70.     70.     70.     70.     70.     70.
    70.     70.     70.     70.     70.     70.     70.     70.
    70.     70.     70.     70.     70.     70.     70.     70.
    70.     69.     69.     69.     69.     69.     69.     69.
    69.     69.     69.     69.     69.     69.     69.     69.
    69.     69.     69.     69.     69.     69.     69.     69.
    69.     69.     69.     69.     69.     69.     69.     69.
    68.     68.     68.     68.     68.     68.     68.     68.
    68.     68.     68.     68.     68.     68.     68.     68.
    68.     68.     68.     68.     68.     68.     68.     68.
    68.     69.     69.     69.     69.     69.     69.     69.
    69.     69.     69.     70.     70.     70.     70.     71.
    71.     71.     72.     72.     73.     74.     76.     78.
    80.     83.     89.     99.    119.    160.    232.    322.
   364.    306.    219.    158.    129.    125.    143.    179.
   216.    214.    172.    130.    103.     89.     82.     78.
    76.     74.     73.     72.     71.     70.     70.     69.
    69.     69.     68.     68.     68.     68.     68.     67.
    67.     67.     66.     66.     66.     66.     66.     66.
    66.     66.     66.     66.     66.     66.     66.     65.
    65.     65.     65.     65.     65.     65.     65.     65.
    65.     65.     65.     65.     65.     65.     65.     65.
    65.     65.     65.     65.     65.     65.     65.     65.
    65.     65.     65.     65.     65.     65.     65.     65.
    65.     65.     65.     65.     65.     65.     65.     64.
    64.     64.     64.     64.     64.     64.     64.     64.
    64.     64.     64.     64.     64.     64.     64.     64.
    64.     64.     64.     64.     64.     64.     64.     64.
    64.     64.     64.     64.     64.     64.     64.     64.
    64.     64.     64.     64.     64.     64.     64.     65.
    65.     66.     66.     65.     64.     64.     64.     64.
    64.     64.     66.     66.     65.     65.     65.     65.
    65.     65.     65.     66.     66.     67.     67.     67.
    68.     68.     69.     69.     70.     71.     72.     73.
    75.     77.     80.     83.     88.     96.    107.    129.
   174.    262.    403.    556.    589.    461.    312.    212.
   165.    157.    182.    238.    311.    340.    284.    204.
   145.    111.     95.     86.     81.     77.     75.     73.
    71.     70.     69.     68.     68.     67.     67.     66.
    66.     66.     65.     65.     65.     65.     63.     63.
    63.     63.     63.     63.     63.     63.     62.     62.
    62.     62.     62.     62.     62.     62.     62.     62.
    62.     62.     62.     62.     62.     62.     62.     62.
    62.     62.     61.     61.     61.     61.     61.     61.
    61.     61.     61.     61.     61.     61.     61.     61.
    61.     61.     61.     61.     61.     61.     61.     61.
    61.     61.     61.     61.     61.     61.     61.     61.
    61.     61.     61.     61.     61.     61.     61.     61.
    61.     61.     61.     61.     61.     61.     61.     61.
    61.     61.     61.     61.     61.     61.     61.     61.
    61.     61.     61.     61.     61.     61.     61.     61.
    61.     61.     61.     61.     61.     61.     61.     60.
    60.     64.     64.     64.     64.     65.     65.     65.
    66.     66.     68.     69.     69.     70.     71.     72.
    73.     74.     76.     78.     80.     83.     86.     90.
    95.    102.    110.    122.    139.    165.    211.    305.
   489.    799.   1189.   1400.   1189.    808.    510.    344.
   279.    287.    365.    515.    692.    747.    602.    407.
   264.    183.    141.    120.    107.     98.     92.     87.
    83.     80.     78.     76.     74.     73.     71.     70.
    69.     69.     68.     67.     67.     66.     63.     62.
    62.     62.     62.     62.     62.     62.     61.     61.
    60.     60.     60.     60.     60.     60.     60.     60.
    60.     60.     60.     60.     60.     60.     60.     60.
    60.     60.     60.     59.     59.     59.     59.     59.
    59.     59.     59.     59.     59.     59.     59.     59.
    59.     59.     59.     59.     59.     59.     59.     59.
    59.     59.     59.     59.     59.     59.     59.     59.
    59.     59.     59.     59.     59.     59.     59.     60.
    60.     60.     60.     60.     60.     60.     60.     60.
    60.     60.     60.     60.     60.     60.     61.     61.
    62.     63.     65.     70.     78.     87.     93.     89.
    79.     71.     67.     65.     64.     66.     69.     73.
    77.     75.     71.     66.     63.     62.     61.     61.
    60.     60.     60.     60.     60.     60.     60.     60.
    60.     60.     60.     60.     60.     60.     60.     60.
    60.     60.     60.     61.     63.     65.     67.     68.
    66.     64.     62.     61.     60.     60.     61.     62.
    63.     64.     63.     62.     61.     60.     60.     59.
    59.     59.     59.     59.     59.     59.     59.     59.
    59.     59.     59.     59.     59.     59.     59.     59.
    59.     59.     59.     59.     59.     59.     59.     59.
    59.     59.     59.     59.     59.     59.     59.     59.
    59.     59.     59.     59.     59.     59.     59.     59.
    59.     59.     59.     59.     59.     59.     59.     59.
    59.     59.     59.     59.     59.     59.     59.     59.
    59.     59.     59.     59.     59.     59.     59.     59.
    59.     59.     59.     59.     59.     59.     59.     59.
    59.     59.     59.     59.     59.     59.     59.     59.
    59.     59.     59.     59.     59.     59.     59.     59.
    59.     59.     59.     59.     59.     59.     59.     59.
    59.     59.     59.     59.     59.
