laB6                                                                  
   0   5   1   0   0   0   0   1   0   1   0
00211 10001 10000 000
 1.5405  1.5443  .5      90.0    30.0    .8009   1.0     35.0    .0     
   5 .1  .95 .95 .95 .95
      11
 .0      -0.0183 .0      .0      .0      1.0     .0     
 11.0    21.0    .0      .0      .0      .0      .0     
 38.61    116.93   134.89   .0       .0       .0      
 31.0     41.0     51.0     61.0     .0       .0      
Alpha quartz                                             PHASE NUMBER 
   2   3 1.0     .0  .0  1.0
P 32 2 1            
La      1 LA+3   .0      .0      .0      .54946  1.0    
                 91.0    91.0    .0      .0      .0     
 .0049   .0027   .0049   .0014   -0.0001-0.00002
 .0      .0      .0      .0      .0      .0     
b       6 B      .19948  .0      .0      1.1481  .98    
                 .0      .0      .0      .0      .0     
 .0143   .0      .019    .0085   -0.0032 -0.0042
 .0      .0      .0      .0      .0      .0     
 .00658  .0     
 111.0   .0     
 .01959 -0.00327 .00594  .0      .0      .0      .0     
 71.0    81.0    91.0    .0      .0      .0      .0     
 4.157   4.157   4.157   90.0    90.0    90.0   
 .0      .0      .0      .0      .0      .0     
 1.0     .0      .16624 
 .0      .0      .0     
 .51     .0      .0     
 101.0   .0      .0     
 .0      .0      .0     
 .0      .0      .0     
 .0     
 .0     
