Powder v4.0 S1286 90MR21 Y286 DOUBLE  T=19X2        15.000                      
       100       150      3900           196.93001  13.00000 0.0200000
  0.0000  0.0000  0.0000  0.0000  0.0000  0.0000  0.0000  0.0000  0.0000  0.0000
  0.0000  0.0000  0.0000  0.0000  0.0000  0.0000  0.0000  0.0000  0.0000  0.0000
  0.0000  0.0000  0.0000  0.0000  0.0000  0.0000  0.0000  0.0000  0.0000  0.0000
  0.0000  0.0000  0.0000  0.0000  0.0000  0.0000  0.0000  0.0000  0.0000  0.0000
  2.0000  3.0000  4.0000  6.0000 10.0000 15.0000 28.0000 50.0000 80.0000100.0000
111.0000100.0000 80.0000 50.0000 28.0000 15.0000 10.0000  6.0000  4.0000  3.0000
  2.0000  0.0000  0.0000  0.0000  0.0000  0.0000  0.0000  0.0000  0.0000  0.0000
  0.0000  0.0000  0.0000  0.0000  0.0000  0.0000  0.0000  0.0000  0.0000  0.0000
  0.0000  0.0000  0.0000  0.0000  0.0000  0.0000  0.0000  0.0000  0.0000  0.0000
  0.0000  0.0000  0.0000  0.0000  0.0000  0.0000  0.0000  0.0000  0.0000  0.0000
  0.0000  0.0000  0.0000  0.0000  0.0000  0.0000  0.0000  0.0000  0.0000  0.0000
  0.0000  0.0000  0.0000  0.0000  0.0000  0.0000  0.0000  0.0000  0.0000  0.0000
  0.0000  0.0000  0.0000  0.0000  0.0000  0.0000  0.0000  0.0000  0.0000  0.0000
  0.0000  0.0000  0.0000  0.0000  0.0000  0.0000  0.0000  0.0000  0.0000  0.0000
  0.0000  0.0000  0.0000  0.0000  0.0000  0.0000  0.0000  0.0000  0.0000  0.0000
  3.0925  3.1077  3.4175  3.1432  3.1839  3.0925  2.7878  3.2245  3.2956  3.1839
  2.8894  3.0569  3.0011  3.1179  3.0366  3.0468  2.9503  3.0265  2.9858  3.0518
  3.0772  3.2143  3.1179  3.0366  3.1686  3.1788  3.0366  2.7370  2.9147  2.8538
  3.1077  3.1483  2.9604  2.9909  2.8183  2.9452  3.0417  2.7979  3.1179  2.9858
  2.9351  2.9808  3.1331  3.0163  3.1077  3.3514  2.8894  2.7726  3.0620  3.0011
  2.8538  2.8741  2.7573  2.9503  2.9351  2.8538  3.1991  2.8538  2.8843  2.8538
  2.8741  2.9655  2.8183  3.2347  2.8741  2.9960  2.7624  2.9198  2.7116  2.8589
  2.8284  2.9858  2.8741  2.9046  2.9452  3.0925  2.8741  2.8081  2.9706  2.9097
  2.7421  2.8640  2.9604  2.9909  3.1585  3.1890  3.3108  3.2956  4.1995  4.8240
  5.7787  6.8755  6.4185  5.7330  4.3873  3.6053  3.1280  2.9503  2.8843  2.6964
  2.6812  2.6355  2.6710  2.7218  2.6659  2.7421  2.8640  2.6862  2.6050  2.7573
  2.4323  2.6304  2.5187  2.7421  2.7573  2.6304  2.5136  2.5085  2.7269  2.4679
  2.6202  2.3054  2.5542  2.6710  2.3866  2.5847  2.5694  2.4577  2.5441  2.6405
  2.5390  2.4273  2.3612  2.6405  2.4628  2.5085  2.5136  2.3816  2.6253  2.6456
  2.5390  2.6050  2.4222  2.6812  2.4425  2.5034  2.5542  2.6253  2.3562  2.4120
  2.3359  2.2698  2.4730  2.3460  2.6507  2.1937  2.1835  2.3359  2.4374  2.3816
  2.3765  2.2089  2.5034  2.4019  2.5491  2.2902  2.4374  2.3612  2.5441  2.4476
  2.6608  2.3663  2.2445  2.2191  2.1988  2.3359  2.3308  2.1886  2.2902  2.3003
  2.2495  2.3359  2.4882  2.2800  2.3816  2.0515  2.3612  2.4577  2.4577  2.8843
  2.6761  2.9198  3.2854  3.6663  3.9608  3.7526  3.3413  2.8030  2.5796  2.3359
  2.2343  2.4831  2.3511  2.2902  2.2445  2.1632  2.2851  2.2343  2.3866  2.2394
  2.2191  2.2648  2.1226  2.2191  2.1886  2.0870  2.2800  2.0515  2.1023  2.1581
  2.0312  2.0667  2.1581  2.2343  2.3003  2.2648  2.2241  2.2698  2.1175  2.0566
  2.1784  2.3155  2.1886  2.1683  2.0616  1.9906  2.0515  2.1327  2.1277  1.9956
  2.0058  2.0007  2.0058  2.0058  1.9499  2.0210  2.0566  2.1175  1.9855  2.0159
  1.9398  1.9042  1.9956  1.8433  1.9093  1.9550  2.0718  1.9956  2.0312  1.9347
  2.0820  1.9601  2.0109  2.0058  2.0667  2.0413  2.1073  1.9093  1.9093  2.0058
  2.0769  1.9702  2.0363  2.0210  2.1277  2.1175  1.8484  1.9956  2.0870  2.1378
  1.9652  1.8230  1.8230  1.8382  1.9956  1.8077  1.9499  1.8585  2.0769  1.7925
  1.9550  1.8890  1.9347  1.9398  1.7925  1.9144  1.8484  1.8535  1.9855  1.7570
  1.7874  1.7671  1.7722  1.8636  1.8027  1.8331  1.9855  1.7570  1.7265  1.7417
  1.7316  1.9144  1.9347  1.7671  1.8331  1.8179  2.0058  1.9753  1.7671  1.6402
  1.8382  1.6199  1.6960  1.9804  2.0007  1.9804  1.7265  2.0921  1.9499  1.9906
  1.7824  2.1835  2.0159  1.9753  1.9296  2.3155  2.5136  2.9655  3.4479  4.2147
  6.2916  8.9677 10.3946  8.9220  7.2869  5.4182  4.6869  2.7929  2.1429  2.1581
  2.0667  2.1378  1.9398  1.8230  1.9499  1.9296  1.8230  1.7163  1.6808  1.7417
  1.6605  1.7468  1.6453  1.5488  1.7163  1.6199  1.7976  1.5640  1.6097  1.7519
  1.5945  1.6960  1.7265  1.9042  1.6351  1.6656  1.9398  1.7367  1.7113  1.7062
  1.7417  1.6757  1.7671  1.7163  1.9347  1.8992  2.0210  1.8331  2.1327  2.3866
  2.7472  3.2804  4.3264  6.3424  8.4497  8.3837  7.5560  6.0326  5.1186  3.9354
  2.5034  2.2495  1.9956  1.7722  1.7265  1.6859  1.6097  1.6503  1.7874  1.5843
  1.6148  1.5335  1.7265  1.6300  1.6605  1.7773  1.5996  1.5640  1.4675  1.6249
  1.5539  1.4218  1.7417  1.6351  1.7113  1.4828  1.5691  1.6503  1.6605  1.6656
  1.3914  1.4066  1.4167  1.6097  1.7265  1.3406  1.4726  1.6351  1.5082  1.4218
  1.4878  1.5539  1.4320  1.4980  1.5183  1.3660  1.5640  1.7367  1.4980  1.5437
  1.5539  1.6249  1.4980  1.4015  1.5437  1.3660  1.5183  1.5843  1.5589  1.4167
  1.3152  1.3812  1.5183  1.4980  1.5488  1.5183  1.6503  1.3710  1.5437  1.4726
  1.3152  1.4777  1.4472  1.4167  1.4421  1.4624  1.3101  1.5437  1.3507  1.4015
  1.4828  1.5031  1.4675  1.4371  1.3660  1.3761  1.6706  1.5792  1.6605  1.4472
  1.4421  1.3152  1.5589  1.5894  1.4929  1.3101  1.3558  1.3761  1.4980  1.4066
  1.3203  1.3406  1.4675  1.4066  1.3253  1.5335  1.5285  1.5539  1.6808  1.4066
  1.6960  1.6249  1.4117  1.5285  1.6503  1.7214  1.8687  1.9550  2.4882  3.2550
  3.7526  3.9557  3.4733  2.8944  2.8437  2.6608  2.5491  2.3206  2.3866  2.4882
  2.5948  2.8995  3.1839  3.3565  4.2909  5.1592  7.3427 10.8313 18.3720 31.3969
 43.4571 42.4212 36.4698 26.8979 22.5715 17.3970  9.1200  4.4737  3.4632  2.9401
  2.8487  2.5491  2.2546  2.0667  1.9093  1.6300  1.5539  1.5589  1.4371  1.4421
  1.4574  1.4675  1.1425  1.4929  1.3558  1.2949  1.3914  1.2543  1.3050  1.3253
  1.2847  1.4066  1.2492  1.4421  1.2746  1.3609  1.4167  1.1984  1.3050  1.2187
  1.2289  1.2644  1.2035  1.3304  1.2847  1.3304  1.1324  1.1324  1.2390  1.1781
  1.2339  1.2593  1.1628  1.2136  1.1628  1.1324  1.2187  1.2339  1.1324  1.1070
  1.2035  1.2187  1.2949  1.3101  1.2898  1.1882  1.1730  1.1273  1.3406  1.2644
  1.2238  1.1730  1.1628  1.1425  1.2136  1.1781  1.2543  1.2644  1.0613  1.0714
  1.2086  1.1375  1.2086  1.2086  1.0867  1.1578  1.1425  1.1933  1.1628  1.2492
  1.1222  1.2390  1.2593  1.1781  1.1730  1.1171  1.3710  1.2441  1.3710  1.2695
  1.2390  1.3304  1.4777  1.4777  1.5792  1.7011  1.5945  1.8585  2.0769  2.3257
  3.3464  4.3569  7.2208 11.9179 14.0151 13.4972 10.8262  8.6884  8.0485  6.3931
  3.9963  2.7827  2.3816  2.3866  2.0007  1.6706  1.5691  1.4878  1.3203  1.3507
  1.1984  1.2746  1.1121  1.2543  1.2492  1.2644  1.0562  1.2746  1.2035  1.3507
  1.2593  1.0562  1.2593  1.0968  1.2441  1.3050  1.4523  1.3406  1.4371  1.4218
  1.5691  1.5691  1.5234  1.7570  1.8128  1.9702  2.1581  2.6862  3.9151  5.7228
 10.4707 16.9857 18.6716 17.0060 12.3648 10.4098 10.0391  7.4443  4.0624  2.1327
  1.9753  1.4980  1.4929  1.4320  1.4472  1.3203  1.3203  1.2187  1.2593  1.0968
  1.0004  1.1222  1.0511  1.1019  1.0461  1.1171  1.1019  0.9547  1.0156  1.0816
  1.0765  1.0105  1.0765  1.0461  1.0613  0.9648  0.9597  0.9851  1.2593  1.0054
  1.1781  0.9547  0.9090  1.0664  0.9242  0.9699  1.0359  0.9648  1.0105  0.9394
  0.9750  0.8633  1.1578  1.0004  1.0004  0.8734  1.0461  1.0054  1.0714  0.8175
  0.8988  0.9191  0.9750  1.1019  0.9140  1.0308  0.8886  1.0156  0.9800  0.9191
  0.9496  0.8785  1.0004  1.0054  1.0207  0.9394  0.9445  0.8531  1.0257  0.9140
  1.0562  0.8074  0.9343  1.0156  0.9800  1.0257  0.9394  0.9191  1.0207  1.0410
  0.8175  0.8785  0.8937  0.9750  1.0867  0.9648  0.9851  1.0207  0.9547  1.1476
  1.0004  0.9902  0.9699  0.9953  0.9699  1.0461  0.9851  1.1070  1.0054  1.1019
  1.0968  1.1984  1.0613  1.2441  1.2390  1.2746  1.2136  1.2949  1.4066  1.1984
  1.3406  1.4269  1.6503  1.5082  1.7163  1.8890  1.8738  2.1378  2.6304  2.6202
  3.0975  3.2753  3.5850  4.2452  4.8291  5.2608  6.2814  7.2970  9.7649 14.1878
 24.8565 46.4124 79.2617100.0000 93.7541 68.9433 53.5673 54.2883 48.8955 34.0426
 17.4834 10.0493  8.2060  7.2056  7.2869  7.7489 10.7551 16.3408 28.9646 41.3700
 43.4875 36.0483 26.1768 23.7648 23.7749 18.7224 11.1410  5.5197  3.8745  3.3514
  2.7269  2.3511  2.2038  1.9652  1.8433  1.7367  1.4269  1.3914  1.3812  1.5691
  1.4878  1.5691  1.4929  1.4421  1.7417  1.6656  2.0972  1.9956  2.3714  2.6304
  2.6862  2.6761  3.4124  3.5952  4.1690  4.3975  5.0830  6.8501 10.3793 18.6361
 36.5561 59.8995 68.6284 59.8487 41.5376 33.9664 36.3632 31.5950 20.8907  9.9731
  5.2709  4.1284  3.5901  2.9300  2.4476  2.0261  1.8382  1.6859  1.5082  1.3355
  1.2644  1.0359  1.1984  1.2796  1.1984  1.1121  1.2187  0.9597  1.1375  1.1070
  0.9699  1.1222  1.1476  1.0714  1.0613  1.1375  1.1578  1.2187  1.1832  1.1730
  1.5234  1.4878  1.6960  1.6046  1.5792  1.9144  2.0515  2.2851  2.4120  3.0620
  4.5854  8.2669 14.5331 23.1961 26.4358 23.1453 16.7115 13.4058 14.6194 13.2839
  9.3231  4.6260  2.9858  2.1988  1.7367  1.5539  1.5437  1.4675  1.2644  1.0714
  1.0054  0.9090  1.0004  0.9343  0.8886  0.8937  0.9242  0.9140  0.8480  0.8633
  0.8074  0.8175  0.7668  0.8734  0.7718  0.8226  0.7871  0.6906  0.8226  0.6855
  0.7414  0.7160  0.8125  0.7312  0.7363  0.7312  0.7312  0.6144  0.8836  0.6398
  0.7769  0.7160  0.6957  0.6754  0.7972  0.7617  0.7465  0.7566  0.8886  0.7211
  0.7363  0.7109  0.7972  0.7871  0.8328  0.8785  0.7465  0.9800  0.9039  0.9699
  0.9090  0.8633  1.0816  1.0714  1.0714  1.3000  1.9398  3.1026  4.7479  5.4689
  4.6412  3.4073  2.9452  3.0011  2.8843  2.5898  1.4472  1.0867  0.9293  0.8683
  1.0105  0.8531  0.8531  0.7211  0.6551  0.7109  0.7566  0.7109  0.8074  0.6906
  0.6551  0.7058  0.7668  0.8125  0.7211  0.6957  0.7871  0.6703  0.7109  0.7261
  0.6957  0.6500  0.7160  0.6906  0.6144  0.6601  0.6855  0.7363  0.7465  0.6144
  0.7414  0.5840  0.7566  0.6347  0.6906  0.6804  0.6652  0.6906  0.6652  0.6906
  0.6449  0.7008  0.6551  0.7617  0.6754  0.6246  0.6754  0.7769  0.6398  0.6804
  0.6601  0.7261  0.6804  0.7109  0.6754  0.5281  0.6652  0.6144  0.7515  0.7261
  0.7261  0.6703  0.6347  0.6144  0.5992  0.7617  0.7414  0.6398  0.6652  0.7617
  0.6347  0.6449  0.6652  0.5840  0.6957  0.6551  0.6906  0.7718  0.6957  0.7261
  0.6754  0.7008  0.6804  0.7058  0.6195  0.6551  0.5890  0.7008  0.8125  0.6144
  0.6703  0.6144  0.7718  0.5433  0.6043  0.5890  0.5586  0.6500  0.6855  0.6398
  0.6551  0.5840  0.5992  0.5789  0.6601  0.6652  0.5890  0.6855  0.5383  0.7972
  0.5535  0.6449  0.4672  0.6500  0.5738  0.6855  0.6398  0.6195  0.6703  0.5078
  0.6754  0.6957  0.6449  0.6144  0.6703  0.8429  0.9191  0.8988  0.9597  0.8125
  0.7058  0.7718  0.6652  0.7008  0.6500  0.6297  0.5789  0.5890  0.6804  0.6094
  0.6500  0.6398  0.7617  0.5840  0.6449  0.6449  0.6754  0.7008  0.6855  0.6804
  0.6804  0.7058  0.6195  0.6551  0.6601  0.7109  0.6551  0.7261  0.7465  0.7820
  0.9343  0.8429  0.7515  0.8785  1.0765  0.8683  0.9851  1.1019  1.0461  1.5132
  2.3206  3.9760  6.1088  6.8044  6.1646  4.4991  3.1737  3.6104  3.7577  3.5444
  2.4222  1.5742  1.1984  0.9648  1.0664  0.8785  0.8734  0.8125  0.7718  0.7871
  0.8074  0.8886  0.9039  0.8988  1.0054  1.1781  1.0410  1.4472  1.5285  1.5386
  1.6300  1.7976  1.8839  2.3206  2.8030  4.3772  7.7134 15.2034 22.5105 25.8518
 20.7536 13.1417 10.8313 12.1718 13.4312 12.5984  7.8302  4.1385  2.4780  1.9601
  1.5945  1.3304  1.2289  1.1121  0.9902  0.8633  0.8531  0.7261  0.9191  0.8785
  0.7261  0.9547  0.8633  0.7515  0.8531  0.8633  1.1476  1.7570  2.6101  3.3464
  3.8745  3.4276  2.2343  1.9042  1.9702  2.4374  2.1937  1.8636  1.4066  1.1628
  1.1273  1.0308  0.8125  1.0359  0.8633  0.7972  0.8074  0.6601  0.6855  0.6500
  0.5992  0.7008  0.5535  0.5484  0.5789  0.6398  0.5129  0.5078  0.5433  0.6195
  0.6601  0.5992  0.4976  0.6094  0.5738  0.5027  0.5027  0.5180  0.6347  0.5890
  0.5433  0.5789  0.5383  0.4875  0.5941  0.4875  0.5230  0.6500  0.5992  0.7109
  0.5281  0.5383  0.6906  0.5230  0.5687  0.5535  0.5281  0.5637  0.6195  0.7008
  0.5637  0.6703  0.5789  0.8175  0.7109  0.7617  0.7312  0.7515  0.6094  0.8277
  0.9394  0.8531  1.0359  1.0968  1.5691  2.4730  3.9303  6.1342  6.9060  5.5959
  3.8440  2.7116  3.0417  3.7881  3.5343  2.8894  1.8788  1.3050  1.2543  1.5488
  1.9652  1.9906  1.8433  1.2796  1.2238  1.1679  1.3406  1.1933  1.0613  0.7312
  0.7261  0.6094  0.7617  0.6398  0.6804  0.4672  0.6195  0.6754  0.6043  0.5332
  0.4875  0.5890  0.5078  0.6601  0.5941  0.4976  0.6094  0.4621  0.4215  0.5129
  0.5738  0.5027  0.5637  0.5180  0.5484  0.5180  0.6195  0.4621  0.5789  0.5890
  0.5383  0.5789  0.5840  0.4773  0.4722  0.6195  0.5941  0.5332  0.5890  0.5383
  0.5484  0.5230  0.5637  0.5129  0.6551  0.5637  0.5281  0.6652  0.5738  0.7160
  0.7465  0.7566  0.7617  0.7109  0.9090  0.7515  0.8328  1.0968  1.1019  1.8890
  2.9808  4.8951  5.4182  4.8494  3.4581  2.2292  2.3460  3.0163  2.9858  2.8183
  1.9042  1.1781  0.8429  0.8480  0.6398  0.5789  0.6195  0.5941  0.5992  0.6094
  0.4469  0.5941  0.5687  0.5840  0.6094  0.5484  0.4672  0.5840  0.5433  0.5383
  0.5840  0.6551  0.6094  0.6347  0.6144  0.8531  1.0054  1.5234  2.0820  1.9550
  1.7163  1.4117  0.9648  1.1070  1.3203  1.2390  1.1019  0.8023  0.7008  0.6297
  0.6398  0.6957  0.5078  0.5535  0.5230  0.5383  0.7008  0.6144  0.5840  0.5281
  0.5078  0.5738  0.5433  0.6347  0.7211  0.6804  0.6804  0.6094  0.7566  0.7617
  0.8633  1.0461  1.2035  1.8484  3.5444  4.5854  4.9155  3.7628  2.2800  1.8128
  2.2140  2.5847  2.6355  2.1683  1.4371  0.8988  0.6754  0.6398  0.6144  0.6398
  0.5586  0.5840  0.6246  0.5840  0.5687  0.4976  0.5535  0.4926  0.5281  0.5637
  0.5941  0.5941  0.5078  0.5637  0.5484  0.5738  0.4722  0.4976  0.5637  0.6195
  0.5383  0.5230  0.5687  0.5332  0.4773  0.5484  0.5383  0.5687  0.6601  0.5637
  0.5484  0.5941  0.6754  0.5738  0.5433  0.5890  0.6703  0.6500  0.6500  0.6551
  0.6804  0.7515  0.6246  0.7566  0.7668  0.8683  1.1425  1.2543  1.3710  1.6554
  1.8382  1.7468  1.8230  1.9550  2.0007  2.4577  3.1585  4.6006  7.7388 14.9393
 23.7191 28.3349 23.6937 15.7924  9.5262  9.2876 12.1211 14.7565 14.2030  9.7852
  5.7990  3.2550  2.2597  1.7367  1.5132  1.5132  1.4066  0.9953  0.9597  0.8074
  0.8988  0.8328  0.7566  0.7566  0.6297  0.7363  0.5941  0.6347  0.5637  0.5484
  0.6652  0.6601  0.5738  0.5890  0.5027  0.5586  0.5687  0.6551  0.5840  0.6449
  0.5992  0.5992  0.5789  0.6144  0.5383  0.6094  0.6601  0.5789  0.6398  0.5281
  0.5180  0.6754  0.7211  0.6754  0.6601  0.6043  0.6195  0.8988  0.9648  0.9750
  0.9039  0.9343  1.1019  1.2136  1.1273  1.3101  1.9449  2.3105  3.9506  7.7540
 12.2074 14.0710 11.9738  7.3224  4.5905  4.0319  6.1240  7.3681  7.3986  5.4436
  3.1382  1.8331  1.1832  1.0359  1.1882  1.0054  0.9293  0.8937  0.7363  0.7668
  0.8226  0.7465  0.7363  0.7668  0.8785  0.8023  0.8937  1.0410  1.3660  2.0007
  3.4987  4.3670  4.3518  3.3971  2.0515  1.5691  1.8788  2.3206  2.7370  2.1937
  1.6199  1.2238  1.0257  0.8937  0.8836  0.9597  0.8023  0.8379  0.8988  1.0613
  1.0816  1.2644  1.4523  1.5996  1.7316  1.6453  2.0109  1.8890  2.2292  2.4171
  3.1077  3.7881  6.6064 11.5219 21.6219 32.0266 34.8042 28.0201 16.5287 10.1051
 10.5164 15.0764 18.4685 17.6966 12.4511  6.5099  3.6967  2.4577  1.8585  1.5742
  1.5031  1.3812  1.3101  1.0308  0.9699  0.8886  0.7718  0.7769  0.7515  0.7515
  0.6804  0.7718  0.6855  0.6551  0.6703  0.6043  0.5992  0.5840  0.5941  0.5484
  0.5129  0.6500  0.6043  0.6804  0.6094  0.6043  0.7008  0.6957  0.8125  0.9090
  0.7972  0.8785  1.0918  1.0867  1.0257  1.1375  1.0765  1.1781  1.3558  1.6859
  1.9347  2.5948  4.2909  7.9825 13.5429 17.6865 15.9041 10.6535  6.1748  4.7783
  5.7533  7.9267  9.0337  8.3228  5.4689  3.0061  1.9753  1.3812  1.1882  1.0156
  1.0105  0.8683  1.0207  0.8582  0.8328  0.7058  0.7617  0.7008  0.6855  0.7515
  0.8480  0.8429  0.9090  0.8988  1.0461  1.1832  1.1730  1.2136  1.2796  1.2644
  1.5945  1.9652  2.8995  4.9713  9.8817 14.6600 16.2088 12.7660  7.7896  4.6717
  4.2959  6.1392  8.1856  8.5563  6.9009  4.0573  2.3511  1.6351  1.1882  1.1527
  0.9902  1.0308  0.9039  0.8429  0.7566  0.7820  0.8480  0.8836  0.8683  0.9191
  1.1425  1.0664  1.0359  1.0308  1.2593  1.4167  1.6910  2.3003  3.0722  4.5803
  7.0482 10.3336 13.0199 12.6085  9.4602  5.9818  4.3620  4.6412  5.8853  7.0939
  6.6216  5.3420  3.1179  1.6910  1.2339  1.1578  0.9343  0.9090  0.8125  0.8226
  0.8531  0.8531  0.7312  0.5992  0.7363  0.5992  0.6906  0.6195  0.6957  0.7820
  0.7769  0.9851  0.8937  1.0004  1.1121  1.2035  1.1222  1.1832  1.3609  1.4472
  1.6453  2.0667  3.1229  5.7889 10.8059 16.2240 17.6763 15.1475  9.0692  5.6670
  4.6819  6.1900  8.9778  9.8360  9.0743  6.3373  4.2147  2.7167  2.0616  1.5437
  1.2035  1.0664  1.2187  1.3203  1.2238  1.0968  0.6754  0.7617  0.6297  0.5433
  0.6500  0.4672  0.4875  0.5383  0.4875  0.4570  0.5789  0.5433  0.5484  0.3808
  0.4926  0.5180  0.5027  0.4926  0.4773  0.4773  0.4875  0.4519  0.4672  0.4621
  0.4570  0.4824  0.4519  0.4469  0.4570  0.4519  0.4012  0.4113  0.5180  0.4672
  0.4316  0.5332  0.4875  0.4367  0.4672  0.4316  0.4265  0.5535  0.7769  0.9191
  0.9750  0.8175  0.7566  0.4976  0.5840  0.6500  0.7160  0.6652  0.5941  0.5484
  0.5230  0.4672  0.4164  0.4773  0.4672  0.3707  0.4316  0.4722  0.3707  0.3961
  0.4062  0.3758  0.4519  0.5180  0.4062  0.3961  0.3351  0.4062  0.5129  0.3961
  0.3808  0.3808  0.3808  0.4012  0.4316  0.4113  0.4215  0.4113  0.3859  0.3859
  0.3402  0.3707  0.4012  0.4215  0.4418  0.3808  0.3555  0.4265  0.3707  0.3707
  0.4722  0.4265  0.4164  0.4265  0.3707  0.4976  0.4519  0.4265  0.4672  0.5129
  0.4570  0.5281  0.4824  0.5078  0.5840  0.6195  0.5281  0.6297  0.5738  0.6195
  0.6398  0.5941  0.5941  0.7820  0.8175  0.7058  0.7718  0.8633  1.0968  1.5335
  2.5187  3.7272  5.9666  7.3478  6.7892  4.5752  2.8183  1.9347  2.1226  2.6862
  3.5292  3.9557  3.5038  2.6355  1.3761  0.9293  0.8074  0.7922  0.5941  0.6398
  0.5586  0.5078  0.6094  0.5535  0.4519  0.4570  0.6043  0.4773  0.5941  0.7008
  0.7566  0.7566  0.7465  0.6703  0.5484  0.4976  0.5027  0.6703  0.6652  0.5738
  0.6398  0.5281  0.6652  0.6601  0.8683  0.7972  0.8125  0.6043  0.6094  0.5230
  0.6043  0.6652  0.8836  0.8480  0.8175  0.7617  0.7414  0.7617  0.9343  1.5031
  2.3359  3.2956  3.7272  3.0163  1.9855  1.2796  1.0562  1.3152  1.5031  1.8128
  2.0921  1.5742  1.2441  0.7465  0.6551  0.5840  0.4672  0.4621  0.4164  0.4164
  0.4367  0.4215  0.3961  0.3402  0.4215  0.4824  0.4316  0.4621  0.4215  0.3707
  0.5027  0.4773  0.3859  0.3656  0.3605  0.3859  0.4012  0.4265  0.3859  0.4519
  0.4367  0.4418  0.5281  0.4519  0.4113  0.5738  0.4265  0.5078  0.5789  0.4926
  0.6449  0.6449  0.6500  0.9191  1.2949  1.9398  2.1784  1.6249  1.1882  0.8328
  0.6246  0.9445  0.9597  1.3050  1.4574  1.5386  1.3304  0.9191  0.7465  0.5840
  0.5992  0.5586  0.6144  0.6246  0.6449  0.5789  0.5535  0.4265  0.5281  0.5332
  0.4570  0.4621  0.3707  0.3250  0.4012  0.3910  0.4621  0.4824  0.4469  0.6144
  0.6804  0.8734  1.0054  1.1578  1.0105  0.6703  0.5180  0.5586  0.5738  0.7109
  0.7211  0.7058  0.6500  0.6144  0.3910  0.4519  0.4672  0.4265  0.4316  0.4113
  0.3301  0.4164  0.2793  0.4418  0.3758  0.4012  0.4012  0.3504  0.3605  0.3351
  0.4215  0.3758  0.4215  0.4164  0.3859  0.4164  0.4012  0.3351  0.3961  0.4672
  0.3808  0.2894  0.3961  0.3707  0.3910  0.4570  0.4316  0.4113  0.5383  0.4773
  0.5078  0.4519  0.6804  0.5078  0.5941  0.5992  0.7160  0.7769  0.9496  1.4371
  2.3663  3.8440  4.7885  4.5600  3.6358  2.0921  1.4371  1.2289  1.5285  2.0566
  2.5441  2.6253  2.1835  1.6910  1.2339  0.7465  0.7211  0.5789  0.8125  0.8328
  0.9293  0.9242  1.4066  2.4425  3.4682  4.4584  4.6209  3.5393  2.2140  1.3203
  1.1933  1.4066  1.6605  2.4374  2.6913  2.2648  1.3660  1.0054  0.8328  0.6347
  0.5129  0.5738  0.4672  0.4824  0.4265  0.4875  0.5027  0.3605  0.3250  0.4316
  0.4316  0.4824  0.2691  0.4570  0.4012  0.3555  0.4367  0.4164  0.4672  0.3148
  0.5332  0.5129  0.5129  0.5840  0.5433  0.5840  0.5484  0.5637  0.6906  0.7211
  0.8937  1.2086  1.6148  2.6405  3.8085  4.2655  3.4124  2.3612  1.6046  1.3863
  1.5640  1.9906  2.8894  3.9049  4.6565  3.9253  2.7878  1.7163  0.9496  0.8379
  1.0257  1.1882  1.5691  1.7265  1.5234  0.9750  0.8734  0.4722  0.5992  0.4621
  0.4672  0.5129  0.4926  0.4062  0.4722  0.3859  0.3910  0.3910  0.3808  0.3859
  0.3808  0.3910  0.3250  0.3859  0.4215  0.4113  0.3859  0.4062  0.4164  0.4672
  0.4012  0.3758  0.4113  0.4012  0.4367  0.3859  0.3808  0.4621  0.4418  0.4672
  0.5180  0.5230  0.4976  0.4875  0.4875  0.6347  0.6094  0.6500  0.5840  0.6398
  0.8074  0.7668  0.7465  0.8886  0.7820  0.9039  1.0664  1.5742  1.9956  3.2651
  5.9717  8.6884 11.3289 10.4047  7.3275  4.1792  2.5644  2.4222  2.5237  4.0624
  5.2709  5.7330  5.4385  3.5343  2.1784  1.4929  1.1425  0.9648  0.8531  0.9597
  0.6551  0.6957  0.6906  0.9140  0.9547  1.1679  1.5589  1.8992  1.8890  1.8535
  1.3304  1.1171  0.9851  1.0613  1.3914  1.4980  1.7976  2.4983  4.0877  5.7838
  7.5509  8.3177  7.1447  4.5092  2.7065  1.9398  2.0667  2.4933  3.4022  4.3467
  4.7377  4.3569  3.5546  2.9858  3.1940  4.7631  6.3017  6.2357  5.1084  3.4479
  2.0718  1.5843  1.5996  2.1429  2.9147  3.5292  3.5647  2.6456  1.9702  1.0816
  0.8379  0.5281  0.7109  0.5941  0.5078  0.5535  0.5332  0.5180  0.5484  0.3961
  0.4824  0.4672  0.4316  0.4062  0.4519  0.4113  0.4316  0.5230  0.5433  0.5433
  0.5687  0.4773  0.4672  0.5687  0.5535  0.6195  0.6601  0.6804  0.6398  0.8125
  0.8074  0.8886  1.0562  1.4777  2.3155  3.7526  5.5857  6.4236  6.1646  4.3670
  2.5542  1.8687  1.6300  1.9093  2.5339  3.7374  4.7479  4.3721  3.3971  2.1581
  1.3253  1.0410  0.9039  0.8734  1.0765  1.1882  1.1121  1.0207  0.8531  0.6347
  0.4672  0.5230  0.3808  0.5027  0.5230  0.3453  0.3605  0.4519  0.3859  0.3910
  0.4113  0.4062  0.3605  0.3453  0.3402  0.3605  0.3808  0.3605  0.3808  0.4316
  0.4215  0.4316  0.3351  0.3453  0.3910  0.4570  0.3961  0.4367  0.3961  0.4875
  0.4367  0.4469  0.4621  0.5332  0.5941  0.6043  0.7160  0.9496  1.5894  2.0769
  2.1937  2.2902  2.1784  1.7874  1.5945  1.1628  1.0054  0.9902  1.2136  1.3710
  1.5386  1.1324  1.1019  1.0359  0.8175  0.6449  0.5383  0.4265  0.4367  0.4875
  0.3301  0.3808  0.3453  0.3808  0.2844  0.3351  0.2641  0.3605  0.3250  0.2945
  0.3148  0.3402  0.4164  0.2641  0.3758  0.3250  0.2742  0.3351  0.2844  0.4113
  0.3301  0.3098  0.3250  0.3250  0.3555  0.4062  0.3961  0.3250  0.3047  0.3098
  0.3605  0.2996  0.3808  0.3199  0.2996  0.3148  0.2488  0.3148  0.2387  0.3656
  0.3199  0.3098  0.2945  0.2945  0.2742  0.2945  0.3301  0.2691  0.3148  0.3098
  0.3961  0.2894  0.3656  0.2844  0.2641  0.2336  0.4062  0.3047  0.3301  0.2590
  0.2945  0.4164  0.3098  0.2793  0.3199  0.2894  0.3047  0.3098  0.2945  0.3859
  0.3402  0.3402  0.3758  0.4316  0.4418  0.7465  0.6195  0.5840  0.6398  0.5281
  0.4824  0.4215  0.4062  0.3961  0.4621  0.4570  0.5180  0.5281  0.4215  0.4113
  0.3707  0.3707  0.3047  0.3758  0.2996  0.3707  0.3098  0.3707  0.2996  0.2691
  0.3605  0.3098  0.3250  0.3453  0.3808  0.3758  0.3098  0.3351  0.3808  0.3148
  0.3808  0.3402  0.2488  0.3504  0.3605  0.3707  0.4418  0.5078  0.6500  0.6347
  0.6246  0.4976  0.4722  0.3402  0.4418  0.3859  0.3453  0.3808  0.5738  0.5484
  0.4418  0.3808  0.4469  0.4062  0.4265  0.4469  0.3910  0.4164  0.4012  0.3453
  0.3859  0.3555  0.4824  0.5180  0.4824  0.6601  0.8886  1.3304  2.0007  2.3257
  2.3511  1.9042  1.3710  0.9953  0.7972  0.7668  0.7617  0.9851  1.2847  1.3761
  1.3304  1.3457  0.8074  0.7363  0.4164  0.4976  0.3656  0.4469  0.3402  0.4062
  0.4418  0.4875  0.5484  0.7160  0.7261  0.6804  0.5281  0.4519  0.3656  0.4367
  0.3808  0.4316  0.3808  0.5484  0.5332  0.4672  0.4164  0.3402  0.3047  0.4164
  0.3351  0.4113  0.3351  0.3199  0.2844  0.3859  0.4164  0.4316  0.3555  0.4570
  0.5281  0.5586  0.4773  0.4926  0.3707  0.3605  0.3859  0.3250  0.3758  0.3656
  0.5078  0.5129  0.5738  0.7211  0.7058  0.6195  0.5586  0.4164  0.4926  0.2590
  0.3555  0.4113  0.4113  0.5332  0.5789  0.5484  0.4672  0.3605  0.3351  0.3758
  0.4316  0.4418  0.5230  0.4773  0.5129  0.5433  0.5180  0.6551  0.5941  0.7718
  0.8988  0.9699  0.9445  0.9445  0.8683  0.9800  1.3304  2.2241  3.5850  4.4483
  4.4127  3.7272  2.5441  1.5945  1.1476  0.9293  0.8937  1.4472  1.8331  2.2343
  2.5237  2.3003  1.7163  1.0968  0.7871  0.6347  0.7515  0.6398  0.7617  0.6449
  0.6043  0.6601  0.5941  0.5180  0.4621  0.6906  0.6855  0.7211  0.9547  1.2136
  1.6503  2.6761  3.3413  3.1940  2.5187  1.7316  1.0867  0.9648  0.7261  0.8582
  0.7972  1.4777  1.5285  1.6859  1.6402  1.4472  0.7718  0.7160  0.5992  0.4773
  0.4570  0.5027  0.3859  0.3910  0.3707  0.4875  0.4773  0.5535  0.5433  0.6652
  0.7972  0.5992  0.6703  0.4519  0.3148  0.4316  0.4062  0.4367  0.5129  0.4316
  0.4672  0.5637  0.4418  0.3910  0.3808  0.3605  0.3250  0.3910  0.3808  0.3453
  0.3453  0.4164  0.3656  0.3098  0.3098  0.3351  0.4265  0.4062  0.3250  0.4265
  0.3605  0.4062  0.4316  0.4367  0.5129  0.4164  0.4773  0.5129  0.4773  0.4976
  0.5586  0.5687  0.6906  0.7617  1.1730  1.6503  2.3765  2.5898  2.7421  2.3511
  2.1530  2.4425  3.2804  4.0319  4.0674  3.5495  2.7319  2.3003  2.0109  1.6960
  1.5894  1.3152  1.6148  1.8535  2.2546  2.2698  1.7620  1.3710  0.8328  0.6449
  0.7312  0.5637  0.4722  0.4875  0.4570  0.3808  0.4824  0.3910  0.3910  0.4621
  0.4672  0.3605  0.4519  0.4570  0.3910  0.5230  0.4113  0.5332  0.4570  0.5789
  0.7972  1.0918  1.2289  1.2543  1.1375  0.8175  0.6500  0.5078  0.5230  0.5789
  0.7058  0.7261  0.7972  0.9953  0.9242  1.0004  0.8429  1.0054  1.0918  1.6300
  1.3863  1.4624  1.3050  1.1324  1.1273  1.4675  1.9347  3.0112  4.7428  5.6771
  5.1440  4.0674  2.6913  1.5640  1.2847  1.1425  1.2136  1.4066  1.7824  2.4323
  2.6964  2.5694  2.2698  1.3710  0.9648  0.9648  0.6703  0.6246  0.6601  0.5738
  0.4469  0.5383  0.4418  0.3758  0.4773  0.4012  0.4773  0.4418  0.3961  0.3656
  0.4265  0.4722  0.5586  0.4316  0.5433  0.4824  0.5332  0.5789  0.5890  0.7008
  1.0410  1.5843  2.1277  2.2343  2.1734  1.7773  1.0664  0.8785  0.6094  0.7769
  0.6855  0.8937  0.9953  1.2289  1.4117  1.4472  1.1679  0.9953  0.9496  0.7211
  0.6500  0.8785  0.8937  1.0867  1.6249  2.1734  2.7015  2.5796  2.2698  1.9296
  1.3812  1.2086  1.2187  1.3710  1.8382  2.4019  3.7983  5.5197  7.3630  7.7693
  6.3271  4.0674  2.6812  1.8179  1.4523  1.3914  1.7265  2.1226  2.6355  3.8186
  4.4381  4.8596  5.0119  4.7885  3.9049  3.0061  1.9550  1.4472  1.0765  1.0105
  1.0156  1.0867  1.3101  1.4269  2.1480  1.8941  1.6808  1.6148  0.9039  0.7312
  0.6500  0.5433  0.5383  0.5941  0.5027  0.3402  0.4926  0.5078  0.4519  0.4519
  0.4316  0.4113  0.4113  0.3351  0.3910  0.4570  0.3910  0.4875  0.4926  0.4367
  0.4621  0.4976  0.6144  0.4773  0.4926  0.4926  0.6703  0.8582  1.1222  1.3761
  1.4980  1.4421  1.2644  1.2086  1.3253  1.6859  2.7319  4.2756  6.0377  5.7635
  5.2506  3.6663  2.5491  1.8484  1.3914  1.1121  1.2492  1.6199  1.9245  2.6202
  3.2093  3.0620  2.3054  1.7163  1.1781  0.7922  0.7058  0.5383  0.5586  0.4926
  0.4824  0.4621  0.5535  0.4519  0.3808  0.4215  0.4113  0.3504  0.3758  0.3605
  0.2945  0.3656  0.3453  0.3402  0.3961  0.2894  0.3504  0.3301  0.3504  0.2945
  0.3656  0.4012  0.3605  0.2996  0.3351  0.3098  0.2590  0.3250  0.2742  0.3504
  0.4215  0.2285  0.3250  0.4012  0.3301  0.2691  0.2793  0.3047  0.3301  0.3351
  0.2691  0.3351  0.3910  0.3808  0.3453  0.3148  0.3453  0.3098  0.2844  0.2894
  0.3047  0.2641  0.3656  0.2742  0.2437  0.3402  0.3098  0.2336  0.3148  0.2844
  0.3250  0.3098  0.2996  0.2996  0.3453  0.3148  0.2590  0.1980  0.2793  0.3504
  0.2641  0.3707  0.2945  0.3250  0.2894  0.3605  0.2793  0.3250  0.2844  0.2844
  0.3707  0.3504  0.3047  0.4012  0.3605  0.3961  0.4062  0.3707  0.3098  0.3859
  0.4672  0.6906  0.7465  0.8328  0.7008  0.5840  0.4570  0.3910  0.4012  0.4469
  0.3859  0.3961  0.4215  0.4570  0.6043  0.5383  0.4672  0.4621  0.4773  0.4215
  0.4621  0.3250  0.4519  0.3250  0.4469  0.6094  0.7261  0.8480  1.2238  1.2644
  1.2593  0.8734  0.7058  0.5941  0.4519  0.4469  0.4469  0.4824  0.5535  0.6144
  0.7008  0.7211  0.9090  0.7211  0.5687  0.4824  0.4570  0.4265  0.4621  0.4621
  0.4875  0.4215  0.6297  0.7363  0.9242  1.0461  0.9597  0.8328  0.6144  0.5738
  0.5992  0.5383  0.6906  0.6652  0.6754  0.8836  1.1527  1.7570  2.0515  2.3054
  1.9906  1.3914  1.1679  0.7515  0.7312  0.5383  0.5230  0.6094  0.6957  0.8074
  0.9445  1.1222  0.9851  1.0004  0.7566  0.5992  0.4316  0.4062  0.3301  0.3910
  0.3961  0.4672  0.4265  0.4621  0.4976  0.7058  0.8429  0.8531  1.0918  0.9394
  0.7465  0.6551  0.4875  0.5535  0.3859  0.3859  0.4773  0.4672  0.5535  0.5332
  0.7617  0.7160  0.6855  0.6347  0.5941  0.5027  0.5180  0.6703  0.6297  0.9039
  0.9547  1.2086  1.1324  0.8582  0.7820  0.5992  0.5890  0.6043  0.6957  0.6957
  0.9090  1.0968  1.3761  1.7722  1.5437  1.3101  1.0968  0.9039  1.1222  1.2289
  1.4726  1.5589  2.0109  1.8535  2.1886  2.8284  3.5596  4.2299  3.7881  3.0061
  1.8839  1.2847  1.3355  1.2136  1.0410  1.2238  1.3000  1.3710  1.6199  1.8128
  2.1277  1.9652  1.6605  1.2289  0.9547  0.7160  0.5941  0.6804  0.7668  0.7465
  1.0714  1.3101  1.7113  2.1429  1.9499  1.7468  1.3812  1.1375  1.0816  0.8937
  1.0613  1.2289  1.7367  2.5339  3.4784  3.7983  3.4479  2.7370  2.0413  1.4929
  1.0156  0.9953  1.0918  1.0156  1.0562  1.2086  1.5945  1.6249  1.9753  1.6503
  1.1578  0.8531  0.7008  0.6195  0.5941  0.5840  0.4773  0.4418  0.3859  0.5332
  0.5129  0.5129  0.4570  0.4926  0.4215  0.3555  0.3859  0.4570  0.3961  0.4164
  0.4215  0.4418  0.5027  0.7058  0.7922  0.8125  0.9343  0.7261  0.6398  0.5789
  0.3555  0.4265  0.3605  0.4570  0.5027  0.4875  0.4722  0.5687  0.6043  0.6398
  0.5941  0.4773  0.4519  0.5129  0.5383  0.5637  0.6195  0.7566  0.9496  1.2390
  1.7468  1.7417  1.5691  1.0511  0.8633  0.7363  0.6144  0.5383  0.5180  0.6144
  0.5484  0.6246  0.7566  0.9445  0.9800  0.8633  0.7363  0.6297  0.4976  0.5027
  0.4316  0.4875  0.4164  0.4265  0.4012  0.4316  0.5433  0.5129  0.4926  0.4621
  0.3910  0.3504  0.3402  0.4265  0.3351  0.3605  0.3707  0.3555  0.4215  0.3961
  0.4773  0.4824  0.4570  0.4367  0.3605  0.3351  0.2894  0.3504  0.4062  0.3859
  0.4316  0.4316  0.3605  0.4113  0.4570  0.4316  0.3148  0.3758  0.3555  0.4012
  0.4062  0.3758  0.3961  0.4265  0.4418  0.4722  0.4672  0.5383  0.5281  0.5738
  0.5433  0.6144  0.6297  0.7465  0.7668  1.1425  1.6402  2.3816  3.7374  3.8237
  3.5495  2.6304  1.8585  1.2238  1.2543  1.0461  1.2238  1.4878  1.7722  2.4171
  2.8284  2.9706  2.9452  2.4171  2.1429  1.5082  1.1984  1.3000  1.0968  0.9750
  0.9547  1.0968  1.1425  1.4167  1.5386  1.4878  1.2390  1.1730  1.0511  0.8734
  0.9394  0.9800  1.1527  1.3558  1.9956  2.3612  2.5898  2.3155  1.8585  1.3507
  1.1273  1.0613  0.8582  0.7617  0.6601  0.7718  0.8328  0.9090  1.1527  1.6300
  1.6656  1.4929  1.2695  0.9140  0.7261  0.6601  0.7058  0.5738  0.5230  0.4773
  0.5180  0.5383  0.5383  0.5129  0.5535  0.6094  0.7769  0.6906  0.7515  0.6906
  0.7261  0.8582  0.9597  1.1578  1.5691  1.9753  3.3718  5.1490  6.4541  6.7537
  5.3623  3.9557  2.5187  1.6757  1.4523  1.1628  1.1273  1.0664  1.3000  1.3660
  1.9245  2.6761  3.5444  3.2956  3.0569  2.3562  1.5132  0.9394  0.8480  0.7414
  0.6398  0.6246  0.6297  0.4773  0.5687  0.4875  0.3808  0.4012  0.3555  0.3351
  0.3402  0.4012  0.3605  0.3758  0.4367  0.2234  0.3402  0.4316  0.2945  0.3402
  0.2996  0.3351  0.3301  0.4265  0.4316  0.4672  0.6094  0.7008  0.6449  0.4926
  0.0000  0.0000  0.0000  0.0000  0.0000  0.0000  0.0000  0.0000  0.0000  0.0000
  0.0000  0.0000  0.0000  0.0000  0.0000  0.0000  0.0000  0.0000  0.0000  0.0000
  0.0000  0.0000  0.0000  0.0000  0.0000  0.0000  0.0000  0.0000  0.0000  0.0000
  0.0000  0.0000  0.0000  0.0000  0.0000  0.0000  0.0000  0.0000  0.0000  0.0000
  0.0000  0.0000  0.0000  0.0000  0.0000  0.0000  0.0000  0.0000  0.0000  0.0000
  0.0000  0.0000  0.0000  0.0000  0.0000  0.0000  0.0000  0.0000  0.0000  0.0000
  0.0000  0.0000  0.0000  0.0000  0.0000  0.0000  0.0000  0.0000  0.0000  0.0000
  0.0000  0.0000  0.0000  0.0000  0.0000  0.0000  0.0000  0.0000  0.0000  0.0000
  0.0000  0.0000  0.0000  0.0000  0.0000  0.0000  0.0000  0.0000  0.0000  0.0000
  0.0000  0.0000  0.0000  0.0000  0.0000  0.0000  0.0000  0.0000  0.0000  0.0000
  0.0000  0.0000  0.0000  0.0000  0.0000  0.0000  0.0000  0.0000  0.0000  0.0000
  0.0000  0.0000  0.0000  0.0000  0.0000  0.0000  0.0000  0.0000  0.0000  0.0000
  0.0000  0.0000  0.0000  0.0000  0.0000  0.0000  0.0000  0.0000  0.0000  0.0000
  0.0000  0.0000  0.0000  0.0000  0.0000  0.0000  0.0000  0.0000  0.0000  0.0000
  0.0000  0.0000  0.0000  0.0000  0.0000  0.0000  0.0000  0.0000  0.0000  0.0000
  0.0000  0.0000  0.0000  0.0000  0.0000  0.0000  0.0000  0.0000  0.0000  0.0000
  0.0000  0.0000  0.0000  0.0000  0.0000  0.0000  0.0000  0.0000  0.0000  0.0000
  0.0000  0.0000  0.0000  0.0000  0.0000  0.0000  0.0000  0.0000  0.0000  0.0000
  0.0000  0.0000  0.0000  0.0000  0.0000  0.0000  0.0000  0.0000  0.0000  0.0000
  0.0000  0.0000  0.0000  0.0000  0.0000  0.0000  0.0000  0.0000  0.0000  0.0000
  0.0000  0.0000  0.0000  0.0000  0.0000  0.0000  0.0000  0.0000  0.0000  0.0000
  0.0000  0.0000  0.0000  0.0000  0.0000  0.0000  0.0000  0.0000  0.0000  0.0000
  0.0000  0.0000  0.0000  0.0000  0.0000  0.0000  0.0000  0.0000  0.0000  0.0000
  0.0000  0.0000  0.0000  0.0000  0.0000  0.0000  0.0000  0.0000  0.0000  0.0000
  0.0000  0.0000  0.0000  0.0000  0.0000  0.0000  0.0000  0.0000  0.0000  0.0000
  0.0000  0.0000  0.0000  0.0000  0.0000  0.0000  0.0000  0.0000  0.0000  0.0000
  0.0000  0.0000  0.0000  0.0000  0.0000  0.0000  0.0000  0.0000  0.0000  0.0000
  0.0000  0.0000  0.0000  0.0000  0.0000  0.0000  0.0000  0.0000  0.0000  0.0000
  0.0000  0.0000  0.0000  0.0000  0.0000  0.0000  0.0000  0.0000  0.0000  0.0000
  0.0000  0.0000  0.0000  0.0000  0.0000  0.0000  0.0000  0.0000  0.0000  0.0000
  0.0000  0.0000  0.0000  0.0000  0.0000  0.0000  0.0000  0.0000  0.0000  0.0000
  0.0000  0.0000  0.0000  0.0000  0.0000  0.0000  0.0000  0.0000  0.0000  0.0000
  0.0000  0.0000  0.0000  0.0000  0.0000  0.0000  0.0000  0.0000  0.0000  0.0000
  0.0000  0.0000  0.0000  0.0000  0.0000  0.0000  0.0000  0.0000  0.0000  0.0000
  0.0000  0.0000  0.0000  0.0000  0.0000  0.0000  0.0000  0.0000  0.0000  0.0000
  0.0000  0.0000  0.0000  0.0000  0.0000  0.0000  0.0000  0.0000  0.0000  0.0000
  0.0000  0.0000  0.0000  0.0000  0.0000  0.0000  0.0000  0.0000  0.0000  0.0000
  0.0000  0.0000  0.0000  0.0000  0.0000  0.0000  0.0000  0.0000  0.0000  0.0000
  0.0000  0.0000  0.0000  0.0000  0.0000  0.0000  0.0000  0.0000  0.0000  0.0000
  0.0000  0.0000  0.0000  0.0000  0.0000  0.0000  0.0000  0.0000  0.0000  0.0000
  0.0000  0.0000  0.0000  0.0000  0.0000  0.0000  0.0000  0.0000  0.0000  0.0000
  0.0000  0.0000  0.0000  0.0000  0.0000  0.0000  0.0000  0.0000  0.0000  0.0000
  0.0000  0.0000  0.0000  0.0000  0.0000  0.0000  0.0000  0.0000  0.0000  0.0000
  0.0000  0.0000  0.0000  0.0000  0.0000  0.0000  0.0000  0.0000  0.0000  0.0000
  0.0000  0.0000  0.0000  0.0000  0.0000  0.0000  0.0000  0.0000  0.0000  0.0000
  0.0000  0.0000  0.0000  0.0000  0.0000  0.0000  0.0000  0.0000  0.0000  0.0000
  0.0000  0.0000  0.0000  0.0000  0.0000  0.0000  0.0000  0.0000  0.0000  0.0000
  0.0000  0.0000  0.0000  0.0000  0.0000  0.0000  0.0000  0.0000  0.0000  0.0000
  0.0000  0.0000  0.0000  0.0000  0.0000  0.0000  0.0000  0.0000  0.0000  0.0000
  0.0000  0.0000  0.0000  0.0000  0.0000  0.0000  0.0000  0.0000  0.0000  0.0000
  0.0000  0.0000  0.0000  0.0000  0.0000  0.0000  0.0000  0.0000  0.0000  0.0000
  0.0000  0.0000  0.0000  0.0000  0.0000  0.0000  0.0000  0.0000  0.0000  0.0000
  0.0000  0.0000  0.0000  0.0000  0.0000  0.0000  0.0000  0.0000  0.0000  0.0000
  0.0000  0.0000  0.0000  0.0000  0.0000  0.0000  0.0000  0.0000  0.0000  0.0000
  0.0000  0.0000  0.0000  0.0000  0.0000  0.0000  0.0000  0.0000  0.0000  0.0000
  0.0000  0.0000  0.0000  0.0000  0.0000  0.0000  0.0000  0.0000  0.0000  0.0000
  0.0000  0.0000  0.0000  0.0000  0.0000  0.0000  0.0000  0.0000  0.0000  0.0000
  0.0000  0.0000  0.0000  0.0000  0.0000  0.0000  0.0000  0.0000  0.0000  0.0000
  0.0000  0.0000  0.0000  0.0000  0.0000  0.0000  0.0000  0.0000  0.0000  0.0000
  0.0000  0.0000  0.0000  0.0000  0.0000  0.0000  0.0000  0.0000  0.0000  0.0000
  0.0000  0.0000  0.0000  0.0000  0.0000  0.0000  0.0000  0.0000  0.0000  0.0000
  0.0000  0.0000  0.0000  0.0000  0.0000  0.0000  0.0000  0.0000  0.0000  0.0000
  0.0000  0.0000  0.0000  0.0000  0.0000  0.0000  0.0000  0.0000  0.0000  0.0000
  0.0000  0.0000  0.0000  0.0000  0.0000  0.0000  0.0000  0.0000  0.0000  0.0000
  0.0000  0.0000  0.0000  0.0000  0.0000  0.0000  0.0000  0.0000  0.0000  0.0000
  0.0000  0.0000  0.0000  0.0000  0.0000  0.0000  0.0000  0.0000  0.0000  0.0000
  0.0000  0.0000  0.0000  0.0000  0.0000  0.0000  0.0000  0.0000  0.0000  0.0000
  0.0000  0.0000  0.0000  0.0000  0.0000  0.0000  0.0000  0.0000  0.0000  0.0000
  0.0000  0.0000  0.0000  0.0000  0.0000  0.0000  0.0000  0.0000  0.0000  0.0000
  0.0000  0.0000  0.0000  0.0000  0.0000  0.0000  0.0000  0.0000  0.0000  0.0000
  0.0000  0.0000  0.0000  0.0000  0.0000  0.0000  0.0000  0.0000  0.0000  0.0000
  0.0000  0.0000  0.0000  0.0000  0.0000  0.0000  0.0000  0.0000  0.0000  0.0000
  0.0000  0.0000  0.0000  0.0000  0.0000  0.0000  0.0000  0.0000  0.0000  0.0000
  0.0000  0.0000  0.0000  0.0000  0.0000  0.0000  0.0000  0.0000  0.0000  0.0000
  0.0000  0.0000  0.0000  0.0000  0.0000  0.0000  0.0000  0.0000  0.0000  0.0000
  0.0000  0.0000  0.0000  0.0000  0.0000  0.0000  0.0000  0.0000  0.0000  0.0000
  0.0000  0.0000  0.0000  0.0000  0.0000  0.0000  0.0000  0.0000  0.0000  0.0000
  0.0000  0.0000  0.0000  0.0000  0.0000  0.0000  0.0000  0.0000  0.0000  0.0000
  0.0000  0.0000  0.0000  0.0000  0.0000  0.0000  0.0000  0.0000  0.0000  0.0000
  0.0000  0.0000  0.0000  0.0000  0.0000  0.0000  0.0000  0.0000  0.0000  0.0000
  0.0000  0.0000  0.0000  0.0000  0.0000  0.0000  0.0000  0.0000  0.0000  0.0000
  0.0000  0.0000  0.0000  0.0000  0.0000  0.0000  0.0000  0.0000  0.0000  0.0000
  0.0000  0.0000  0.0000  0.0000  0.0000  0.0000  0.0000  0.0000  0.0000  0.0000
  0.0000  0.0000  0.0000  0.0000  0.0000  0.0000  0.0000  0.0000  0.0000  0.0000
  0.0000  0.0000  0.0000  0.0000  0.0000  0.0000  0.0000  0.0000  0.0000  0.0000
  0.0000  0.0000  0.0000  0.0000  0.0000  0.0000  0.0000  0.0000  0.0000  0.0000
  0.0000  0.0000  0.0000  0.0000  0.0000  0.0000  0.0000  0.0000  0.0000  0.0000
  0.0000  0.0000  0.0000  0.0000  0.0000  0.0000  0.0000  0.0000  0.0000  0.0000
  0.0000  0.0000  0.0000  0.0000  0.0000  0.0000  0.0000  0.0000  0.0000  0.0000
  0.0000  0.0000  0.0000  0.0000  0.0000  0.0000  0.0000  0.0000  0.0000  0.0000
  0.0000  0.0000  0.0000  0.0000  0.0000  0.0000  0.0000  0.0000  0.0000  0.0000
  0.0000  0.0000  0.0000  0.0000  0.0000  0.0000  0.0000  0.0000  0.0000  0.0000
  0.0000  0.0000  0.0000  0.0000  0.0000  0.0000  0.0000  0.0000  0.0000  0.0000
  0.0000  0.0000  0.0000  0.0000  0.0000  0.0000  0.0000  0.0000  0.0000  0.0000
  0.0000  0.0000  0.0000  0.0000  0.0000  0.0000  0.0000  0.0000  0.0000  0.0000
  0.0000  0.0000  0.0000  0.0000  0.0000  0.0000  0.0000  0.0000  0.0000  0.0000
  0.0000  0.0000  0.0000  0.0000  0.0000  0.0000  0.0000  0.0000  0.0000  0.0000
  0.0000  0.0000  0.0000  0.0000  0.0000  0.0000  0.0000  0.0000  0.0000  0.0000
  0.0000  0.0000  0.0000  0.0000  0.0000  0.0000  0.0000  0.0000  0.0000  0.0000
  0.0000  0.0000  0.0000  0.0000  0.0000  0.0000  0.0000  0.0000  0.0000  0.0000
  0.0000  0.0000  0.0000  0.0000  0.0000  0.0000  0.0000  0.0000  0.0000  0.0000
  0.0000  0.0000  0.0000  0.0000  0.0000  0.0000  0.0000  0.0000  0.0000  0.0000
  0.0000  0.0000  0.0000  0.0000  0.0000  0.0000  0.0000  0.0000  0.0000  0.0000
  0.0000  0.0000  0.0000  0.0000  0.0000  0.0000  0.0000  0.0000  0.0000  0.0000
  0.0000  0.0000  0.0000  0.0000  0.0000  0.0000  0.0000  0.0000  0.0000  0.0000
  0.0000  0.0000  0.0000  0.0000  0.0000  0.0000  0.0000  0.0000  0.0000  0.0000
  0.0000  0.0000  0.0000  0.0000  0.0000  0.0000  0.0000  0.0000  0.0000  0.0000
  0.0000  0.0000  0.0000  0.0000  0.0000  0.0000  0.0000  0.0000  0.0000  0.0000
  0.0000  0.0000  0.0000  0.0000  0.0000  0.0000  0.0000  0.0000  0.0000  0.0000
  0.0000  0.0000  0.0000  0.0000  0.0000  0.0000  0.0000  0.0000  0.0000  0.0000
  0.0000  0.0000  0.0000  0.0000  0.0000  0.0000  0.0000  0.0000  0.0000  0.0000
  0.0000  0.0000  0.0000  0.0000  0.0000  0.0000  0.0000  0.0000  0.0000  0.0000
  0.0000  0.0000  0.0000  0.0000  0.0000  0.0000  0.0000  0.0000  0.0000  0.0000
  0.0000  0.0000  0.0000  0.0000  0.0000  0.0000  0.0000  0.0000  0.0000  0.0000
  0.0000  0.0000  0.0000  0.0000  0.0000  0.0000  0.0000  0.0000  0.0000  0.0000
  0.0000  0.0000  0.0000  0.0000  0.0000  0.0000  0.0000  0.0000  0.0000  0.0000
  0.0000  0.0000  0.0000  0.0000  0.0000  0.0000  0.0000  0.0000  0.0000  0.0000
  0.0000  0.0000  0.0000  0.0000  0.0000  0.0000  0.0000  0.0000  0.0000  0.0000
  0.0000  0.0000  0.0000  0.0000  0.0000  0.0000  0.0000  0.0000  0.0000  0.0000
  0.0000  0.0000  0.0000  0.0000  0.0000  0.0000  0.0000  0.0000  0.0000  0.0000
  0.0000  0.0000  0.0000  0.0000  0.0000  0.0000  0.0000  0.0000  0.0000  0.0000
  0.0000  0.0000  0.0000  0.0000  0.0000  0.0000  0.0000  0.0000  0.0000  0.0000
  0.0000  0.0000  0.0000  0.0000  0.0000  0.0000  0.0000  0.0000  0.0000  0.0000
  0.0000  0.0000  0.0000  0.0000  0.0000  0.0000  0.0000  0.0000  0.0000  0.0000
  0.0000  0.0000  0.0000  0.0000  0.0000  0.0000  0.0000  0.0000  0.0000  0.0000
  0.0000  0.0000  0.0000  0.0000  0.0000  0.0000  0.0000  0.0000  0.0000  0.0000
  0.0000  0.0000  0.0000  0.0000  0.0000  0.0000  0.0000  0.0000  0.0000  0.0000
  0.0000  0.0000  0.0000  0.0000  0.0000  0.0000  0.0000  0.0000  0.0000  0.0000
  0.0000  0.0000  0.0000  0.0000  0.0000  0.0000  0.0000  0.0000  0.0000  0.0000
  0.0000  0.0000  0.0000  0.0000  0.0000  0.0000  0.0000  0.0000  0.0000  0.0000
  0.0000  0.0000  0.0000  0.0000  0.0000  0.0000  0.0000  0.0000  0.0000  0.0000
  0.0000  0.0000  0.0000  0.0000  0.0000  0.0000  0.0000  0.0000  0.0000  0.0000
  0.0000  0.0000  0.0000  0.0000  0.0000  0.0000  0.0000  0.0000  0.0000  0.0000
  0.0000  0.0000  0.0000  0.0000  0.0000  0.0000  0.0000  0.0000  0.0000  0.0000
  0.0000  0.0000  0.0000  0.0000  0.0000  0.0000  0.0000  0.0000  0.0000  0.0000
  0.0000  0.0000  0.0000  0.0000  0.0000  0.0000  0.0000  0.0000  0.0000  0.0000
  0.0000  0.0000  0.0000  0.0000  0.0000  0.0000  0.0000  0.0000  0.0000  0.0000
  0.0000  0.0000  0.0000  0.0000  0.0000  0.0000  0.0000  0.0000  0.0000  0.0000
  0.0000  0.0000  0.0000  0.0000  0.0000  0.0000  0.0000  0.0000  0.0000  0.0000
  0.0000  0.0000  0.0000  0.0000  0.0000  0.0000  0.0000  0.0000  0.0000  0.0000
  0.0000  0.0000  0.0000  0.0000  0.0000  0.0000  0.0000  0.0000  0.0000  0.0000
  0.0000  0.0000  0.0000  0.0000  0.0000  0.0000  0.0000  0.0000  0.0000  0.0000
  0.0000  0.0000  0.0000  0.0000  0.0000  0.0000  0.0000  0.0000  0.0000  0.0000
  0.0000  0.0000  0.0000  0.0000  0.0000  0.0000  0.0000  0.0000  0.0000  0.0000
  0.0000  0.0000  0.0000  0.0000  0.0000  0.0000  0.0000  0.0000  0.0000  0.0000
  0.0000  0.0000  0.0000  0.0000  0.0000  0.0000  0.0000  0.0000  0.0000  0.0000
  0.0000  0.0000  0.0000  0.0000  0.0000  0.0000  0.0000  0.0000  0.0000  0.0000
  0.0000  0.0000  0.0000  0.0000  0.0000  0.0000  0.0000  0.0000  0.0000  0.0000
  0.0000  0.0000  0.0000  0.0000  0.0000  0.0000  0.0000  0.0000  0.0000  0.0000
  0.0000  0.0000  0.0000  0.0000  0.0000  0.0000  0.0000  0.0000  0.0000  0.0000
  0.0000  0.0000  0.0000  0.0000  0.0000  0.0000  0.0000  0.0000  0.0000  0.0000
  0.0000  0.0000  0.0000  0.0000  0.0000  0.0000  0.0000  0.0000  0.0000  0.0000
  0.0000  0.0000  0.0000  0.0000  0.0000  0.0000  0.0000  0.0000  0.0000  0.0000
  0.0000  0.0000  0.0000  0.0000  0.0000  0.0000  0.0000  0.0000  0.0000  0.0000
  0.0000  0.0000  0.0000  0.0000  0.0000  0.0000  0.0000  0.0000  0.0000  0.0000
  0.0000  0.0000  0.0000  0.0000  0.0000  0.0000  0.0000  0.0000  0.0000  0.0000
  0.0000  0.0000  0.0000  0.0000  0.0000  0.0000  0.0000  0.0000  0.0000  0.0000
  0.0000  0.0000  0.0000  0.0000  0.0000  0.0000  0.0000  0.0000  0.0000  0.0000
  0.0000  0.0000  0.0000  0.0000  0.0000  0.0000  0.0000  0.0000  0.0000  0.0000
  0.0000  0.0000  0.0000  0.0000  0.0000  0.0000  0.0000  0.0000  0.0000  0.0000
  0.0000  0.0000  0.0000  0.0000  0.0000  0.0000  0.0000  0.0000  0.0000  0.0000
  0.0000  0.0000  0.0000  0.0000  0.0000  0.0000  0.0000  0.0000  0.0000  0.0000
  0.0000  0.0000  0.0000  0.0000  0.0000  0.0000  0.0000  0.0000  0.0000  0.0000
  0.0000  0.0000  0.0000  0.0000  0.0000  0.0000  0.0000  0.0000  0.0000  0.0000
  0.0000  0.0000  0.0000  0.0000  0.0000  0.0000  0.0000  0.0000  0.0000  0.0000
  0.0000  0.0000  0.0000  0.0000  0.0000  0.0000  0.0000  0.0000  0.0000  0.0000
  0.0000  0.0000  0.0000  0.0000  0.0000  0.0000  0.0000  0.0000  0.0000  0.0000
  0.0000  0.0000  0.0000  0.0000  0.0000  0.0000  0.0000  0.0000  0.0000  0.0000
  0.0000  0.0000  0.0000  0.0000  0.0000  0.0000  0.0000  0.0000  0.0000  0.0000
  0.0000  0.0000  0.0000  0.0000  0.0000  0.0000  0.0000  0.0000  0.0000  0.0000
  0.0000  0.0000  0.0000  0.0000  0.0000  0.0000  0.0000  0.0000  0.0000  0.0000
  0.0000  0.0000  0.0000  0.0000  0.0000  0.0000  0.0000  0.0000  0.0000  0.0000
  0.0000  0.0000  0.0000  0.0000  0.0000  0.0000  0.0000  0.0000  0.0000  0.0000
  0.0000  0.0000  0.0000  0.0000  0.0000  0.0000  0.0000  0.0000  0.0000  0.0000
  0.0000  0.0000  0.0000  0.0000  0.0000  0.0000  0.0000  0.0000  0.0000  0.0000
  0.0000  0.0000  0.0000  0.0000  0.0000  0.0000  0.0000  0.0000  0.0000  0.0000
  0.0000  0.0000  0.0000  0.0000  0.0000  0.0000  0.0000  0.0000  0.0000  0.0000
  0.0000  0.0000  0.0000  0.0000  0.0000  0.0000  0.0000  0.0000  0.0000  0.0000
  0.0000  0.0000  0.0000  0.0000  0.0000  0.0000  0.0000  0.0000  0.0000  0.0000
  0.0000  0.0000  0.0000  0.0000  0.0000  0.0000  0.0000  0.0000  0.0000  0.0000
  0.0000  0.0000  0.0000  0.0000  0.0000  0.0000  0.0000  0.0000  0.0000  0.0000
  0.0000  0.0000  0.0000  0.0000  0.0000  0.0000  0.0000  0.0000  0.0000  0.0000
  0.0000  0.0000  0.0000  0.0000  0.0000  0.0000  0.0000  0.0000  0.0000  0.0000
  0.0000  0.0000  0.0000  0.0000  0.0000  0.0000  0.0000  0.0000  0.0000  0.0000
  0.0000  0.0000  0.0000  0.0000  0.0000  0.0000  0.0000  0.0000  0.0000  0.0000
  0.0000  0.0000  0.0000  0.0000  0.0000  0.0000  0.0000  0.0000  0.0000  0.0000
  0.0000  0.0000  0.0000  0.0000  0.0000  0.0000  0.0000  0.0000  0.0000  0.0000
  0.0000  0.0000  0.0000  0.0000  0.0000  0.0000  0.0000  0.0000  0.0000  0.0000
  0.0000  0.0000  0.0000  0.0000  0.0000  0.0000  0.0000  0.0000  0.0000  0.0000
  0.0000  0.0000  0.0000  0.0000  0.0000  0.0000  0.0000  0.0000  0.0000  0.0000
  0.0000  0.0000  0.0000  0.0000  0.0000  0.0000  0.0000  0.0000  0.0000  0.0000
  0.0000  0.0000  0.0000  0.0000  0.0000  0.0000  0.0000  0.0000  0.0000  0.0000
  0.0000  0.0000  0.0000  0.0000  0.0000  0.0000  0.0000  0.0000  0.0000  0.0000
  0.0000  0.0000  0.0000  0.0000  0.0000  0.0000  0.0000  0.0000  0.0000  0.0000
  0.0000  0.0000  0.0000  0.0000  0.0000  0.0000  0.0000  0.0000  0.0000  0.0000
  0.0000  0.0000  0.0000  0.0000  0.0000  0.0000  0.0000  0.0000  0.0000  0.0000
  0.0000  0.0000  0.0000  0.0000  0.0000  0.0000  0.0000  0.0000  0.0000  0.0000
  0.0000  0.0000  0.0000  0.0000  0.0000  0.0000  0.0000  0.0000  0.0000  0.0000
  0.0000  0.0000  0.0000  0.0000  0.0000  0.0000  0.0000  0.0000  0.0000  0.0000
  0.0000  0.0000  0.0000  0.0000  0.0000  0.0000  0.0000  0.0000  0.0000  0.0000
  0.0000  0.0000  0.0000  0.0000  0.0000  0.0000  0.0000  0.0000  0.0000  0.0000
  0.0000  0.0000  0.0000  0.0000  0.0000  0.0000  0.0000  0.0000  0.0000  0.0000
  0.0000  0.0000  0.0000  0.0000  0.0000  0.0000  0.0000  0.0000  0.0000  0.0000
  0.0000  0.0000  0.0000  0.0000  0.0000  0.0000  0.0000  0.0000  0.0000  0.0000
  0.0000  0.0000  0.0000  0.0000  0.0000  0.0000  0.0000  0.0000  0.0000  0.0000
  0.0000  0.0000  0.0000  0.0000  0.0000  0.0000  0.0000  0.0000  0.0000  0.0000
  0.0000  0.0000  0.0000  0.0000  0.0000  0.0000  0.0000  0.0000  0.0000  0.0000
  0.0000  0.0000  0.0000  0.0000  0.0000  0.0000  0.0000  0.0000  0.0000  0.0000
  0.0000  0.0000  0.0000  0.0000  0.0000  0.0000  0.0000  0.0000  0.0000  0.0000
  0.0000  0.0000  0.0000  0.0000  0.0000  0.0000  0.0000  0.0000  0.0000  0.0000
  0.0000  0.0000  0.0000  0.0000  0.0000  0.0000  0.0000  0.0000  0.0000  0.0000
  0.0000  0.0000  0.0000  0.0000  0.0000  0.0000  0.0000  0.0000  0.0000  0.0000
  0.0000  0.0000  0.0000  0.0000  0.0000  0.0000  0.0000  0.0000  0.0000  0.0000
  0.0000  0.0000  0.0000  0.0000  0.0000  0.0000  0.0000  0.0000  0.0000  0.0000
  0.0000  0.0000  0.0000  0.0000  0.0000  0.0000  0.0000  0.0000  0.0000  0.0000
  0.0000  0.0000  0.0000  0.0000  0.0000  0.0000  0.0000  0.0000  0.0000  0.0000
  0.0000  0.0000  0.0000  0.0000  0.0000  0.0000  0.0000  0.0000  0.0000  0.0000
  0.0000  0.0000  0.0000  0.0000  0.0000  0.0000  0.0000  0.0000  0.0000  0.0000
  0.0000  0.0000  0.0000  0.0000  0.0000  0.0000  0.0000  0.0000  0.0000  0.0000
  0.0000  0.0000  0.0000  0.0000  0.0000  0.0000  0.0000  0.0000  0.0000  0.0000
  0.0000  0.0000  0.0000  0.0000  0.0000  0.0000  0.0000  0.0000  0.0000  0.0000
  0.0000  0.0000  0.0000  0.0000  0.0000  0.0000  0.0000  0.0000  0.0000  0.0000
  0.0000  0.0000  0.0000  0.0000  0.0000  0.0000  0.0000  0.0000  0.0000  0.0000
  0.0000  0.0000  0.0000  0.0000  0.0000  0.0000  0.0000  0.0000  0.0000  0.0000
  0.0000  0.0000  0.0000  0.0000  0.0000  0.0000  0.0000  0.0000  0.0000  0.0000
  0.0000  0.0000  0.0000  0.0000  0.0000  0.0000  0.0000  0.0000  0.0000  0.0000
  0.0000  0.0000  0.0000  0.0000  0.0000  0.0000  0.0000  0.0000  0.0000  0.0000
  0.0000  0.0000  0.0000  0.0000  0.0000  0.0000  0.0000  0.0000  0.0000  0.0000
  0.0000  0.0000  0.0000  0.0000  0.0000  0.0000  0.0000  0.0000  0.0000  0.0000
  0.0000  0.0000  0.0000  0.0000  0.0000  0.0000  0.0000  0.0000  0.0000  0.0000
  0.0000  0.0000  0.0000  0.0000  0.0000  0.0000  0.0000  0.0000  0.0000  0.0000
  0.0000  0.0000  0.0000  0.0000  0.0000  0.0000  0.0000  0.0000  0.0000  0.0000
  0.0000  0.0000  0.0000  0.0000  0.0000  0.0000  0.0000  0.0000  0.0000  0.0000
  0.0000  0.0000  0.0000  0.0000  0.0000  0.0000  0.0000  0.0000  0.0000  0.0000
  0.0000  0.0000  0.0000  0.0000  0.0000  0.0000  0.0000  0.0000  0.0000  0.0000
  0.0000  0.0000  0.0000  0.0000  0.0000  0.0000  0.0000  0.0000  0.0000  0.0000
  0.0000  0.0000  0.0000  0.0000  0.0000  0.0000  0.0000  0.0000  0.0000  0.0000
  0.0000  0.0000  0.0000  0.0000  0.0000  0.0000  0.0000  0.0000  0.0000  0.0000
  0.0000  0.0000  0.0000  0.0000  0.0000  0.0000  0.0000  0.0000  0.0000  0.0000
  0.0000  0.0000  0.0000  0.0000  0.0000  0.0000  0.0000  0.0000  0.0000  0.0000
  0.0000  0.0000  0.0000  0.0000  0.0000  0.0000  0.0000  0.0000  0.0000  0.0000
  0.0000  0.0000  0.0000  0.0000  0.0000  0.0000  0.0000  0.0000  0.0000  0.0000
  0.0000  0.0000  0.0000  0.0000  0.0000  0.0000  0.0000  0.0000  0.0000  0.0000
  0.0000  0.0000  0.0000  0.0000  0.0000  0.0000  0.0000  0.0000  0.0000  0.0000
  0.0000  0.0000  0.0000  0.0000  0.0000  0.0000  0.0000  0.0000  0.0000  0.0000
  0.0000  0.0000  0.0000  0.0000  0.0000  0.0000  0.0000  0.0000  0.0000  0.0000
  0.0000  0.0000  0.0000  0.0000  0.0000  0.0000  0.0000  0.0000  0.0000  0.0000
  0.0000  0.0000  0.0000  0.0000  0.0000  0.0000  0.0000  0.0000  0.0000  0.0000
  0.0000  0.0000  0.0000  0.0000  0.0000  0.0000  0.0000  0.0000  0.0000  0.0000
  0.0000  0.0000  0.0000  0.0000  0.0000  0.0000  0.0000  0.0000  0.0000  0.0000
  0.0000  0.0000  0.0000  0.0000  0.0000  0.0000  0.0000  0.0000  0.0000  0.0000
  0.0000  0.0000  0.0000  0.0000  0.0000  0.0000  0.0000  0.0000  0.0000  0.0000
  0.0000  0.0000  0.0000  0.0000  0.0000  0.0000  0.0000  0.0000  0.0000  0.0000
  0.0000  0.0000  0.0000  0.0000  0.0000  0.0000  0.0000  0.0000  0.0000  0.0000
  0.0000  0.0000  0.0000  0.0000  0.0000  0.0000  0.0000  0.0000  0.0000  0.0000
  0.0000  0.0000  0.0000  0.0000  0.0000  0.0000  0.0000  0.0000  0.0000  0.0000
  0.0000  0.0000  0.0000  0.0000  0.0000  0.0000  0.0000  0.0000  0.0000  0.0000
  0.0000  0.0000  0.0000  0.0000  0.0000  0.0000  0.0000  0.0000  0.0000  0.0000
  0.0000  0.0000  0.0000  0.0000  0.0000  0.0000  0.0000  0.0000  0.0000  0.0000
  0.0000  0.0000  0.0000  0.0000  0.0000  0.0000  0.0000  0.0000  0.0000  0.0000
  0.0000  0.0000  0.0000  0.0000  0.0000  0.0000  0.0000  0.0000  0.0000  0.0000
  0.0000  0.0000  0.0000  0.0000  0.0000  0.0000  0.0000  0.0000  0.0000  0.0000
  0.0000  0.0000  0.0000  0.0000  0.0000  0.0000  0.0000  0.0000  0.0000  0.0000
  0.0000  0.0000  0.0000  0.0000  0.0000  0.0000  0.0000  0.0000  0.0000  0.0000
  0.0000  0.0000  0.0000  0.0000  0.0000  0.0000  0.0000  0.0000  0.0000  0.0000
  0.0000  0.0000  0.0000  0.0000  0.0000  0.0000  0.0000  0.0000  0.0000  0.0000
  0.0000  0.0000  0.0000  0.0000  0.0000  0.0000  0.0000  0.0000  0.0000  0.0000
  0.0000  0.0000  0.0000  0.0000  0.0000  0.0000  0.0000  0.0000  0.0000  0.0000
  0.0000  0.0000  0.0000  0.0000  0.0000  0.0000  0.0000  0.0000  0.0000  0.0000
  0.0000  0.0000  0.0000  0.0000  0.0000  0.0000  0.0000  0.0000  0.0000  0.0000
  0.0000  0.0000  0.0000  0.0000  0.0000  0.0000  0.0000  0.0000  0.0000  0.0000
  0.0000  0.0000  0.0000  0.0000  0.0000  0.0000  0.0000  0.0000  0.0000  0.0000
  0.0000  0.0000  0.0000  0.0000  0.0000  0.0000  0.0000  0.0000  0.0000  0.0000
  0.0000  0.0000  0.0000  0.0000  0.0000  0.0000  0.0000  0.0000  0.0000  0.0000
  0.0000  0.0000  0.0000  0.0000  0.0000  0.0000  0.0000  0.0000  0.0000  0.0000
  0.0000  0.0000  0.0000  0.0000  0.0000  0.0000  0.0000  0.0000  0.0000  0.0000
  0.0000  0.0000  0.0000  0.0000  0.0000  0.0000  0.0000  0.0000  0.0000  0.0000
  0.0000  0.0000  0.0000  0.0000  0.0000  0.0000  0.0000  0.0000  0.0000  0.0000
  0.0000  0.0000  0.0000  0.0000  0.0000  0.0000  0.0000  0.0000  0.0000  0.0000
  0.0000  0.0000  0.0000  0.0000  0.0000  0.0000  0.0000  0.0000  0.0000  0.0000
  0.0000  0.0000  0.0000  0.0000  0.0000  0.0000  0.0000  0.0000  0.0000  0.0000
  0.0000  0.0000  0.0000  0.0000  0.0000  0.0000  0.0000  0.0000  0.0000  0.0000
  0.0000  0.0000  0.0000  0.0000  0.0000  0.0000  0.0000  0.0000  0.0000  0.0000
  0.0000  0.0000  0.0000  0.0000  0.0000  0.0000  0.0000  0.0000  0.0000  0.0000
  0.0000  0.0000  0.0000  0.0000  0.0000  0.0000  0.0000  0.0000  0.0000  0.0000
  0.0000  0.0000  0.0000  0.0000  0.0000  0.0000  0.0000  0.0000  0.0000  0.0000
  0.0000  0.0000  0.0000  0.0000  0.0000  0.0000  0.0000  0.0000  0.0000  0.0000
  0.0000  0.0000  0.0000  0.0000  0.0000  0.0000  0.0000  0.0000  0.0000  0.0000
  0.0000  0.0000  0.0000  0.0000  0.0000  0.0000  0.0000  0.0000  0.0000  0.0000
  0.0000  0.0000  0.0000  0.0000  0.0000  0.0000  0.0000  0.0000  0.0000  0.0000
  0.0000  0.0000  0.0000  0.0000  0.0000  0.0000  0.0000  0.0000  0.0000  0.0000
  0.0000  0.0000  0.0000  0.0000  0.0000  0.0000  0.0000  0.0000  0.0000  0.0000
  0.0000  0.0000  0.0000  0.0000  0.0000  0.0000  0.0000  0.0000  0.0000  0.0000
  0.0000  0.0000  0.0000  0.0000  0.0000  0.0000  0.0000  0.0000  0.0000  0.0000
  0.0000  0.0000  0.0000  0.0000  0.0000  0.0000  0.0000  0.0000  0.0000  0.0000
  0.0000  0.0000  0.0000  0.0000  0.0000  0.0000  0.0000  0.0000  0.0000  0.0000
  0.0000  0.0000  0.0000  0.0000  0.0000  0.0000  0.0000  0.0000  0.0000  0.0000
  0.0000  0.0000  0.0000  0.0000  0.0000  0.0000  0.0000  0.0000  0.0000  0.0000
  0.0000  0.0000  0.0000  0.0000  0.0000  0.0000  0.0000  0.0000  0.0000  0.0000
  0.0000  0.0000  0.0000  0.0000  0.0000  0.0000  0.0000  0.0000  0.0000  0.0000
  0.0000  0.0000  0.0000  0.0000  0.0000  0.0000  0.0000  0.0000  0.0000  0.0000
  0.0000  0.0000  0.0000  0.0000  0.0000  0.0000  0.0000  0.0000  0.0000  0.0000
  0.0000  0.0000  0.0000  0.0000  0.0000  0.0000  0.0000  0.0000  0.0000  0.0000
  0.0000  0.0000  0.0000  0.0000  0.0000  0.0000  0.0000  0.0000  0.0000  0.0000
  0.0000  0.0000  0.0000  0.0000  0.0000  0.0000  0.0000  0.0000  0.0000  0.0000
  0.0000  0.0000  0.0000  0.0000  0.0000  0.0000  0.0000  0.0000  0.0000  0.0000
  0.0000  0.0000  0.0000  0.0000  0.0000  0.0000  0.0000  0.0000  0.0000  0.0000
  0.0000  0.0000  0.0000  0.0000  0.0000  0.0000  0.0000  0.0000  0.0000  0.0000
  0.0000  0.0000  0.0000  0.0000  0.0000  0.0000  0.0000  0.0000  0.0000  0.0000
  0.0000  0.0000  0.0000  0.0000  0.0000  0.0000  0.0000  0.0000  0.0000  0.0000
  0.0000  0.0000  0.0000  0.0000  0.0000  0.0000  0.0000  0.0000  0.0000  0.0000
  0.0000  0.0000  0.0000  0.0000  0.0000  0.0000  0.0000  0.0000  0.0000  0.0000
  0.0000  0.0000  0.0000  0.0000  0.0000  0.0000  0.0000  0.0000  0.0000  0.0000
  0.0000  0.0000  0.0000  0.0000  0.0000  0.0000  0.0000  0.0000  0.0000  0.0000
  0.0000  0.0000  0.0000  0.0000  0.0000  0.0000  0.0000  0.0000  0.0000  0.0000
  0.0000  0.0000  0.0000  0.0000  0.0000  0.0000  0.0000  0.0000  0.0000  0.0000
  0.0000  0.0000  0.0000  0.0000  0.0000  0.0000  0.0000  0.0000  0.0000  0.0000
  0.0000  0.0000  0.0000  0.0000  0.0000  0.0000  0.0000  0.0000  0.0000  0.0000
  0.0000  0.0000  0.0000  0.0000  0.0000  0.0000  0.0000  0.0000  0.0000  0.0000
  0.0000  0.0000  0.0000  0.0000  0.0000  0.0000  0.0000  0.0000  0.0000  0.0000
  0.0000  0.0000  0.0000  0.0000  0.0000  0.0000  0.0000  0.0000  0.0000  0.0000
  0.0000  0.0000  0.0000  0.0000  0.0000  0.0000  0.0000  0.0000  0.0000  0.0000
  0.0000  0.0000  0.0000  0.0000  0.0000  0.0000  0.0000  0.0000  0.0000  0.0000
  0.0000  0.0000  0.0000  0.0000  0.0000  0.0000  0.0000  0.0000  0.0000  0.0000
  0.0000  0.0000  0.0000  0.0000  0.0000  0.0000  0.0000  0.0000  0.0000  0.0000
  0.0000  0.0000  0.0000  0.0000  0.0000  0.0000  0.0000  0.0000  0.0000  0.0000
  0.0000  0.0000  0.0000  0.0000  0.0000  0.0000  0.0000  0.0000  0.0000  0.0000
  0.0000  0.0000  0.0000  0.0000  0.0000  0.0000  0.0000  0.0000  0.0000  0.0000
  0.0000  0.0000  0.0000  0.0000  0.0000  0.0000  0.0000  0.0000  0.0000  0.0000
  0.0000  0.0000  0.0000  0.0000  0.0000  0.0000  0.0000  0.0000  0.0000  0.0000
  0.0000  0.0000  0.0000  0.0000  0.0000  0.0000  0.0000  0.0000  0.0000  0.0000
  0.0000  0.0000  0.0000  0.0000  0.0000  0.0000  0.0000  0.0000  0.0000  0.0000
  0.0000  0.0000  0.0000  0.0000  0.0000  0.0000  0.0000  0.0000  0.0000  0.0000
  0.0000  0.0000  0.0000  0.0000  0.0000  0.0000  0.0000  0.0000  0.0000  0.0000
  0.0000  0.0000  0.0000  0.0000  0.0000  0.0000  0.0000  0.0000  0.0000  0.0000
  0.0000  0.0000  0.0000  0.0000  0.0000  0.0000  0.0000  0.0000  0.0000  0.0000
  0.0000  0.0000  0.0000  0.0000  0.0000  0.0000  0.0000  0.0000  0.0000  0.0000
  0.0000  0.0000  0.0000  0.0000  0.0000  0.0000  0.0000  0.0000  0.0000  0.0000
  0.0000  0.0000  0.0000  0.0000  0.0000  0.0000  0.0000  0.0000  0.0000  0.0000
  0.0000  0.0000  0.0000  0.0000  0.0000  0.0000  0.0000  0.0000  0.0000  0.0000
  0.0000  0.0000  0.0000  0.0000  0.0000  0.0000  0.0000  0.0000  0.0000  0.0000
  0.0000  0.0000  0.0000  0.0000  0.0000  0.0000  0.0000  0.0000  0.0000  0.0000
  0.0000  0.0000  0.0000  0.0000  0.0000  0.0000  0.0000  0.0000  0.0000  0.0000
  0.0000  0.0000  0.0000  0.0000  0.0000  0.0000  0.0000  0.0000  0.0000  0.0000
  0.0000  0.0000  0.0000  0.0000  0.0000  0.0000  0.0000  0.0000  0.0000  0.0000
  0.0000  0.0000  0.0000  0.0000  0.0000  0.0000  0.0000  0.0000  0.0000  0.0000
  0.0000  0.0000  0.0000  0.0000  0.0000  0.0000  0.0000  0.0000  0.0000  0.0000
  0.0000  0.0000  0.0000  0.0000  0.0000  0.0000  0.0000  0.0000  0.0000  0.0000
  0.0000  0.0000  0.0000  0.0000  0.0000  0.0000  0.0000  0.0000  0.0000  0.0000
  0.0000  0.0000  0.0000  0.0000  0.0000  0.0000  0.0000  0.0000  0.0000  0.0000
  0.0000  0.0000  0.0000  0.0000  0.0000  0.0000  0.0000  0.0000  0.0000  0.0000
  0.0000  0.0000  0.0000  0.0000  0.0000  0.0000  0.0000  0.0000  0.0000  0.0000
  0.0000  0.0000  0.0000  0.0000  0.0000  0.0000  0.0000  0.0000  0.0000  0.0000
  0.0000  0.0000  0.0000  0.0000  0.0000  0.0000  0.0000  0.0000  0.0000  0.0000
  0.0000  0.0000  0.0000  0.0000  0.0000  0.0000  0.0000  0.0000  0.0000  0.0000
  0.0000  0.0000  0.0000  0.0000  0.0000  0.0000  0.0000  0.0000  0.0000  0.0000
  0.0000  0.0000  0.0000  0.0000  0.0000  0.0000  0.0000  0.0000  0.0000  0.0000
  0.0000  0.0000  0.0000  0.0000  0.0000  0.0000  0.0000  0.0000  0.0000  0.0000
  0.0000  0.0000  0.0000  0.0000  0.0000  0.0000  0.0000  0.0000  0.0000  0.0000
  0.0000  0.0000  0.0000  0.0000  0.0000  0.0000  0.0000  0.0000  0.0000  0.0000
  0.0000  0.0000  0.0000  0.0000  0.0000  0.0000  0.0000  0.0000  0.0000  0.0000
  0.0000  0.0000  0.0000  0.0000  0.0000  0.0000  0.0000  0.0000  0.0000  0.0000
  0.0000  0.0000  0.0000  0.0000  0.0000  0.0000  0.0000  0.0000  0.0000  0.0000
  0.0000  0.0000  0.0000  0.0000  0.0000  0.0000  0.0000  0.0000  0.0000  0.0000
  0.0000  0.0000  0.0000  0.0000  0.0000  0.0000  0.0000  0.0000  0.0000  0.0000
  0.0000  0.0000  0.0000  0.0000  0.0000  0.0000  0.0000  0.0000  0.0000  0.0000
  0.0000  0.0000  0.0000  0.0000  0.0000  0.0000  0.0000  0.0000  0.0000  0.0000
  0.0000  0.0000  0.0000  0.0000  0.0000  0.0000  0.0000  0.0000  0.0000  0.0000
  0.0000  0.0000  0.0000  0.0000  0.0000  0.0000  0.0000  0.0000  0.0000  0.0000
  0.0000  0.0000  0.0000  0.0000  0.0000  0.0000  0.0000  0.0000  0.0000  0.0000
  0.0000  0.0000  0.0000  0.0000  0.0000  0.0000  0.0000  0.0000  0.0000  0.0000
  0.0000  0.0000  0.0000  0.0000  0.0000  0.0000  0.0000  0.0000  0.0000  0.0000
  0.0000  0.0000  0.0000  0.0000  0.0000  0.0000  0.0000  0.0000  0.0000  0.0000
  0.0000  0.0000  0.0000  0.0000  0.0000  0.0000  0.0000  0.0000  0.0000  0.0000
  0.0000  0.0000  0.0000  0.0000  0.0000  0.0000  0.0000  0.0000  0.0000  0.0000
  0.0000  0.0000  0.0000  0.0000  0.0000  0.0000  0.0000  0.0000  0.0000  0.0000
  0.0000  0.0000  0.0000  0.0000  0.0000  0.0000  0.0000  0.0000  0.0000  0.0000
  0.0000  0.0000  0.0000  0.0000  0.0000  0.0000  0.0000  0.0000  0.0000  0.0000
  0.0000  0.0000  0.0000  0.0000  0.0000  0.0000  0.0000  0.0000  0.0000  0.0000
  0.0000  0.0000  0.0000  0.0000  0.0000  0.0000  0.0000  0.0000  0.0000  0.0000
  0.0000  0.0000  0.0000  0.0000  0.0000  0.0000  0.0000  0.0000  0.0000  0.0000
  0.0000  0.0000  0.0000  0.0000  0.0000  0.0000  0.0000  0.0000  0.0000  0.0000
  0.0000  0.0000  0.0000  0.0000  0.0000  0.0000  0.0000  0.0000  0.0000  0.0000
  0.0000  0.0000  0.0000  0.0000  0.0000  0.0000  0.0000  0.0000  0.0000  0.0000
  0.0000  0.0000  0.0000  0.0000  0.0000  0.0000  0.0000  0.0000  0.0000  0.0000
  0.0000  0.0000  0.0000  0.0000  0.0000  0.0000  0.0000  0.0000  0.0000  0.0000
  0.0000  0.0000  0.0000  0.0000  0.0000  0.0000  0.0000  0.0000  0.0000  0.0000
  0.0000  0.0000  0.0000  0.0000  0.0000  0.0000  0.0000  0.0000  0.0000  0.0000
  0.0000  0.0000  0.0000  0.0000  0.0000  0.0000  0.0000  0.0000  0.0000  0.0000
  0.0000  0.0000  0.0000  0.0000  0.0000  0.0000  0.0000  0.0000  0.0000  0.0000
  0.0000  0.0000  0.0000  0.0000  0.0000  0.0000  0.0000  0.0000  0.0000  0.0000
  0.0000  0.0000  0.0000  0.0000  0.0000  0.0000  0.0000  0.0000  0.0000  0.0000
  0.0000  0.0000  0.0000  0.0000  0.0000  0.0000  0.0000  0.0000  0.0000  0.0000
  0.0000  0.0000  0.0000  0.0000  0.0000  0.0000  0.0000  0.0000  0.0000  0.0000
  0.0000  0.0000  0.0000  0.0000  0.0000  0.0000  0.0000  0.0000  0.0000  0.0000
  0.0000  0.0000  0.0000  0.0000  0.0000  0.0000  0.0000  0.0000  0.0000  0.0000
  0.0000  0.0000  0.0000  0.0000  0.0000  0.0000  0.0000  0.0000  0.0000  0.0000
  0.0000  0.0000  0.0000  0.0000  0.0000  0.0000  0.0000  0.0000  0.0000  0.0000
  0.0000  0.0000  0.0000  0.0000  0.0000  0.0000  0.0000  0.0000  0.0000  0.0000
  0.0000  0.0000  0.0000  0.0000  0.0000  0.0000  0.0000  0.0000  0.0000  0.0000
  0.0000  0.0000  0.0000  0.0000  0.0000  0.0000  0.0000  0.0000  0.0000  0.0000
  0.0000  0.0000  0.0000  0.0000  0.0000  0.0000  0.0000  0.0000  0.0000  0.0000
  0.0000  0.0000  0.0000  0.0000  0.0000  0.0000  0.0000  0.0000  0.0000  0.0000
  0.0000  0.0000  0.0000  0.0000  0.0000  0.0000  0.0000  0.0000  0.0000  0.0000
  0.0000  0.0000  0.0000  0.0000  0.0000  0.0000  0.0000  0.0000  0.0000  0.0000
  0.0000  0.0000  0.0000  0.0000  0.0000  0.0000  0.0000  0.0000  0.0000  0.0000
  0.0000  0.0000  0.0000  0.0000  0.0000  0.0000  0.0000  0.0000  0.0000  0.0000
  0.0000  0.0000  0.0000  0.0000  0.0000  0.0000  0.0000  0.0000  0.0000  0.0000
  0.0000  0.0000  0.0000  0.0000  0.0000  0.0000  0.0000  0.0000  0.0000  0.0000
  0.0000  0.0000  0.0000  0.0000  0.0000  0.0000  0.0000  0.0000  0.0000  0.0000
  0.0000  0.0000  0.0000  0.0000  0.0000  0.0000  0.0000  0.0000  0.0000  0.0000
  0.0000  0.0000  0.0000  0.0000  0.0000  0.0000  0.0000  0.0000  0.0000  0.0000
  0.0000  0.0000  0.0000  0.0000  0.0000  0.0000  0.0000  0.0000  0.0000  0.0000
  0.0000  0.0000  0.0000  0.0000  0.0000  0.0000  0.0000  0.0000  0.0000  0.0000
  0.0000  0.0000  0.0000  0.0000  0.0000  0.0000  0.0000  0.0000  0.0000  0.0000
  0.0000  0.0000  0.0000  0.0000  0.0000  0.0000  0.0000  0.0000  0.0000  0.0000
  0.0000  0.0000  0.0000  0.0000  0.0000  0.0000  0.0000  0.0000  0.0000  0.0000
  0.0000  0.0000  0.0000  0.0000  0.0000  0.0000  0.0000  0.0000  0.0000  0.0000
  0.0000  0.0000  0.0000  0.0000  0.0000  0.0000  0.0000  0.0000  0.0000  0.0000
  0.0000  0.0000  0.0000  0.0000  0.0000  0.0000  0.0000  0.0000  0.0000  0.0000
  0.0000  0.0000  0.0000  0.0000  0.0000  0.0000  0.0000  0.0000  0.0000  0.0000
  0.0000  0.0000  0.0000  0.0000  0.0000  0.0000  0.0000  0.0000  0.0000  0.0000
  0.0000  0.0000  0.0000  0.0000  0.0000  0.0000  0.0000  0.0000  0.0000  0.0000
  0.0000  0.0000  0.0000  0.0000  0.0000  0.0000  0.0000  0.0000  0.0000  0.0000
  0.0000  0.0000  0.0000  0.0000  0.0000  0.0000  0.0000  0.0000  0.0000  0.0000
  0.0000  0.0000  0.0000  0.0000  0.0000  0.0000  0.0000  0.0000  0.0000  0.0000
  0.0000  0.0000  0.0000  0.0000  0.0000  0.0000  0.0000  0.0000  0.0000  0.0000
  0.0000  0.0000  0.0000  0.0000  0.0000  0.0000  0.0000  0.0000  0.0000  0.0000
  0.0000  0.0000  0.0000  0.0000  0.0000  0.0000  0.0000  0.0000  0.0000  0.0000
  0.0000  0.0000  0.0000  0.0000  0.0000  0.0000  0.0000  0.0000  0.0000  0.0000
  0.0000  0.0000  0.0000  0.0000  0.0000  0.0000  0.0000  0.0000  0.0000  0.0000
  0.0000  0.0000  0.0000  0.0000  0.0000  0.0000  0.0000  0.0000  0.0000  0.0000
  0.0000  0.0000  0.0000  0.0000  0.0000  0.0000  0.0000  0.0000  0.0000  0.0000
  0.0000  0.0000  0.0000  0.0000  0.0000  0.0000  0.0000  0.0000  0.0000  0.0000
  0.0000  0.0000  0.0000  0.0000  0.0000  0.0000  0.0000  0.0000  0.0000  0.0000
  0.0000  0.0000  0.0000  0.0000  0.0000  0.0000  0.0000  0.0000  0.0000  0.0000
  0.0000  0.0000  0.0000  0.0000  0.0000  0.0000  0.0000  0.0000  0.0000  0.0000
  0.0000  0.0000  0.0000  0.0000  0.0000  0.0000  0.0000  0.0000  0.0000  0.0000
  0.0000  0.0000  0.0000  0.0000  0.0000  0.0000  0.0000  0.0000  0.0000  0.0000
  0.0000  0.0000  0.0000  0.0000  0.0000  0.0000  0.0000  0.0000  0.0000  0.0000
  0.0000  0.0000  0.0000  0.0000  0.0000  0.0000  0.0000  0.0000  0.0000  0.0000
  0.0000  0.0000  0.0000  0.0000  0.0000  0.0000  0.0000  0.0000  0.0000  0.0000
  0.0000  0.0000  0.0000  0.0000  0.0000  0.0000  0.0000  0.0000  0.0000  0.0000
  0.0000  0.0000  0.0000  0.0000  0.0000  0.0000  0.0000  0.0000  0.0000  0.0000
  0.0000  0.0000  0.0000  0.0000  0.0000  0.0000  0.0000  0.0000  0.0000  0.0000
  0.0000  0.0000  0.0000  0.0000  0.0000  0.0000  0.0000  0.0000  0.0000  0.0000
  0.0000  0.0000  0.0000  0.0000  0.0000  0.0000  0.0000  0.0000  0.0000  0.0000
  0.0000  0.0000  0.0000  0.0000  0.0000  0.0000  0.0000  0.0000  0.0000  0.0000
  0.0000  0.0000  0.0000  0.0000  0.0000  0.0000  0.0000  0.0000  0.0000  0.0000
  0.0000  0.0000  0.0000  0.0000  0.0000  0.0000  0.0000  0.0000  0.0000  0.0000
  0.0000  0.0000  0.0000  0.0000  0.0000  0.0000  0.0000  0.0000  0.0000  0.0000
  0.0000  0.0000  0.0000  0.0000  0.0000  0.0000  0.0000  0.0000  0.0000  0.0000
  0.0000  0.0000  0.0000  0.0000  0.0000  0.0000  0.0000  0.0000  0.0000  0.0000
  0.0000  0.0000  0.0000  0.0000  0.0000  0.0000  0.0000  0.0000  0.0000  0.0000
  0.0000  0.0000  0.0000  0.0000  0.0000  0.0000  0.0000  0.0000  0.0000  0.0000
  0.0000  0.0000  0.0000  0.0000  0.0000  0.0000  0.0000  0.0000  0.0000  0.0000
  0.0000  0.0000  0.0000  0.0000  0.0000  0.0000  0.0000  0.0000  0.0000  0.0000
  0.0000  0.0000  0.0000  0.0000  0.0000  0.0000  0.0000  0.0000  0.0000  0.0000
  0.0000  0.0000  0.0000  0.0000  0.0000  0.0000  0.0000  0.0000  0.0000  0.0000
  0.0000  0.0000  0.0000  0.0000  0.0000  0.0000  0.0000  0.0000  0.0000  0.0000
  0.0000  0.0000  0.0000  0.0000  0.0000  0.0000  0.0000  0.0000  0.0000  0.0000
  0.0000  0.0000  0.0000  0.0000  0.0000  0.0000  0.0000  0.0000  0.0000  0.0000
  0.0000  0.0000  0.0000  0.0000  0.0000  0.0000  0.0000  0.0000  0.0000  0.0000
  0.0000  0.0000  0.0000  0.0000  0.0000  0.0000  0.0000  0.0000  0.0000  0.0000
  0.0000  0.0000  0.0000  0.0000  0.0000  0.0000  0.0000  0.0000  0.0000  0.0000
  0.0000  0.0000  0.0000  0.0000  0.0000  0.0000  0.0000  0.0000  0.0000  0.0000
  0.0000  0.0000  0.0000  0.0000  0.0000  0.0000  0.0000  0.0000  0.0000  0.0000
  0.0000  0.0000  0.0000  0.0000  0.0000  0.0000  0.0000  0.0000  0.0000  0.0000
  0.0000  0.0000  0.0000  0.0000  0.0000  0.0000  0.0000  0.0000  0.0000  0.0000
  0.0000  0.0000  0.0000  0.0000  0.0000  0.0000  0.0000  0.0000  0.0000  0.0000
  0.0000  0.0000  0.0000  0.0000  0.0000  0.0000  0.0000  0.0000  0.0000  0.0000
  0.0000  0.0000  0.0000  0.0000  0.0000  0.0000  0.0000  0.0000  0.0000  0.0000
  0.0000  0.0000  0.0000  0.0000  0.0000  0.0000  0.0000  0.0000  0.0000  0.0000
  0.0000  0.0000  0.0000  0.0000  0.0000  0.0000  0.0000  0.0000  0.0000  0.0000
  0.0000  0.0000  0.0000  0.0000  0.0000  0.0000  0.0000  0.0000  0.0000  0.0000
  0.0000  0.0000  0.0000  0.0000  0.0000  0.0000  0.0000  0.0000  0.0000  0.0000
  0.0000  0.0000  0.0000  0.0000  0.0000  0.0000  0.0000  0.0000  0.0000  0.0000
  0.0000  0.0000  0.0000  0.0000  0.0000  0.0000  0.0000  0.0000  0.0000  0.0000
  0.0000  0.0000  0.0000  0.0000  0.0000  0.0000  0.0000  0.0000  0.0000  0.0000
  0.0000  0.0000  0.0000  0.0000  0.0000  0.0000  0.0000  0.0000  0.0000  0.0000
  0.0000  0.0000  0.0000  0.0000  0.0000  0.0000  0.0000  0.0000  0.0000  0.0000
  0.0000  0.0000  0.0000  0.0000  0.0000  0.0000  0.0000  0.0000  0.0000  0.0000
  0.0000  0.0000  0.0000  0.0000  0.0000  0.0000  0.0000  0.0000  0.0000  0.0000
  0.0000  0.0000  0.0000  0.0000  0.0000  0.0000  0.0000  0.0000  0.0000  0.0000
  0.0000  0.0000  0.0000  0.0000  0.0000  0.0000  0.0000  0.0000  0.0000  0.0000
  0.0000  0.0000  0.0000  0.0000  0.0000  0.0000  0.0000  0.0000  0.0000  0.0000
  0.0000  0.0000  0.0000  0.0000  0.0000  0.0000  0.0000  0.0000  0.0000  0.0000
  0.0000  0.0000  0.0000  0.0000  0.0000  0.0000  0.0000  0.0000  0.0000  0.0000
  0.0000  0.0000  0.0000  0.0000  0.0000  0.0000  0.0000  0.0000  0.0000  0.0000
  0.0000  0.0000  0.0000  0.0000  0.0000  0.0000  0.0000  0.0000  0.0000  0.0000
  0.0000  0.0000  0.0000  0.0000  0.0000  0.0000  0.0000  0.0000  0.0000  0.0000
  0.0000  0.0000  0.0000  0.0000  0.0000  0.0000  0.0000  0.0000  0.0000  0.0000
  0.0000  0.0000  0.0000  0.0000  0.0000  0.0000  0.0000  0.0000  0.0000  0.0000
  0.0000  0.0000  0.0000  0.0000  0.0000  0.0000  0.0000  0.0000  0.0000  0.0000
  0.0000  0.0000  0.0000  0.0000  0.0000  0.0000  0.0000  0.0000  0.0000  0.0000
  0.0000  0.0000  0.0000  0.0000  0.0000  0.0000  0.0000  0.0000  0.0000  0.0000
  0.0000  0.0000  0.0000  0.0000  0.0000  0.0000  0.0000  0.0000  0.0000  0.0000
  0.0000  0.0000  0.0000  0.0000  0.0000  0.0000  0.0000  0.0000  0.0000  0.0000
  0.0000  0.0000  0.0000  0.0000  0.0000  0.0000  0.0000  0.0000  0.0000  0.0000
  0.0000  0.0000  0.0000  0.0000  0.0000  0.0000  0.0000  0.0000  0.0000  0.0000
  0.0000  0.0000  0.0000  0.0000  0.0000  0.0000  0.0000  0.0000  0.0000  0.0000
  0.0000  0.0000  0.0000  0.0000  0.0000  0.0000  0.0000  0.0000  0.0000  0.0000
  0.0000  0.0000  0.0000  0.0000  0.0000  0.0000  0.0000  0.0000  0.0000  0.0000
  0.0000  0.0000  0.0000  0.0000  0.0000  0.0000  0.0000  0.0000  0.0000  0.0000
  0.0000  0.0000  0.0000  0.0000  0.0000  0.0000  0.0000  0.0000  0.0000  0.0000
  0.0000  0.0000  0.0000  0.0000  0.0000  0.0000  0.0000  0.0000  0.0000  0.0000
  0.0000  0.0000  0.0000  0.0000  0.0000  0.0000  0.0000  0.0000  0.0000  0.0000
  0.0000  0.0000  0.0000  0.0000  0.0000  0.0000  0.0000  0.0000  0.0000  0.0000
  0.0000  0.0000  0.0000  0.0000  0.0000  0.0000  0.0000  0.0000  0.0000  0.0000
  0.0000  0.0000  0.0000  0.0000  0.0000  0.0000  0.0000  0.0000  0.0000  0.0000
