Powder v4.0 S1286 90MR21 Y286 DOUBLE  T=19X2        15.000
  15.000   0.020
      609.00      612.00      673.00      619.00      627.00      609.00      549.00      635.00      649.00      627.00
      569.00      602.00      591.00      614.00      598.00      600.00      581.00      596.00      588.00      601.00
      606.00      633.00      614.00      598.00      624.00      626.00      598.00      539.00      574.00      562.00
      612.00      620.00      583.00      589.00      555.00      580.00      599.00      551.00      614.00      588.00
      578.00      587.00      617.00      594.00      612.00      660.00      569.00      546.00      603.00      591.00
      562.00      566.00      543.00      581.00      578.00      562.00      630.00      562.00      568.00      562.00
      566.00      584.00      555.00      637.00      566.00      590.00      544.00      575.00      534.00      563.00
      557.00      588.00      566.00      572.00      580.00      609.00      566.00      553.00      585.00      573.00
      540.00      564.00      583.00      589.00      622.00      628.00      652.00      649.00      827.00      950.00
     1138.00     1354.00     1264.00     1129.00      864.00      710.00      616.00      581.00      568.00      531.00
      528.00      519.00      526.00      536.00      525.00      540.00      564.00      529.00      513.00      543.00
      479.00      518.00      496.00      540.00      543.00      518.00      495.00      494.00      537.00      486.00
      516.00      454.00      503.00      526.00      470.00      509.00      506.00      484.00      501.00      520.00
      500.00      478.00      465.00      520.00      485.00      494.00      495.00      469.00      517.00      521.00
      500.00      513.00      477.00      528.00      481.00      493.00      503.00      517.00      464.00      475.00
      460.00      447.00      487.00      462.00      522.00      432.00      430.00      460.00      480.00      469.00
      468.00      435.00      493.00      473.00      502.00      451.00      480.00      465.00      501.00      482.00
      524.00      466.00      442.00      437.00      433.00      460.00      459.00      431.00      451.00      453.00
      443.00      460.00      490.00      449.00      469.00      404.00      465.00      484.00      484.00      568.00
      527.00      575.00      647.00      722.00      780.00      739.00      658.00      552.00      508.00      460.00
      440.00      489.00      463.00      451.00      442.00      426.00      450.00      440.00      470.00      441.00
      437.00      446.00      418.00      437.00      431.00      411.00      449.00      404.00      414.00      425.00
      400.00      407.00      425.00      440.00      453.00      446.00      438.00      447.00      417.00      405.00
      429.00      456.00      431.00      427.00      406.00      392.00      404.00      420.00      419.00      393.00
      395.00      394.00      395.00      395.00      384.00      398.00      405.00      417.00      391.00      397.00
      382.00      375.00      393.00      363.00      376.00      385.00      408.00      393.00      400.00      381.00
      410.00      386.00      396.00      395.00      407.00      402.00      415.00      376.00      376.00      395.00
      409.00      388.00      401.00      398.00      419.00      417.00      364.00      393.00      411.00      421.00
      387.00      359.00      359.00      362.00      393.00      356.00      384.00      366.00      409.00      353.00
      385.00      372.00      381.00      382.00      353.00      377.00      364.00      365.00      391.00      346.00
      352.00      348.00      349.00      367.00      355.00      361.00      391.00      346.00      340.00      343.00
      341.00      377.00      381.00      348.00      361.00      358.00      395.00      389.00      348.00      323.00
      362.00      319.00      334.00      390.00      394.00      390.00      340.00      412.00      384.00      392.00
      351.00      430.00      397.00      389.00      380.00      456.00      495.00      584.00      679.00      830.00
     1239.00     1766.00     2047.00     1757.00     1435.00     1067.00      923.00      550.00      422.00      425.00
      407.00      421.00      382.00      359.00      384.00      380.00      359.00      338.00      331.00      343.00
      327.00      344.00      324.00      305.00      338.00      319.00      354.00      308.00      317.00      345.00
      314.00      334.00      340.00      375.00      322.00      328.00      382.00      342.00      337.00      336.00
      343.00      330.00      348.00      338.00      381.00      374.00      398.00      361.00      420.00      470.00
      541.00      646.00      852.00     1249.00     1664.00     1651.00     1488.00     1188.00     1008.00      775.00
      493.00      443.00      393.00      349.00      340.00      332.00      317.00      325.00      352.00      312.00
      318.00      302.00      340.00      321.00      327.00      350.00      315.00      308.00      289.00      320.00
      306.00      280.00      343.00      322.00      337.00      292.00      309.00      325.00      327.00      328.00
      274.00      277.00      279.00      317.00      340.00      264.00      290.00      322.00      297.00      280.00
      293.00      306.00      282.00      295.00      299.00      269.00      308.00      342.00      295.00      304.00
      306.00      320.00      295.00      276.00      304.00      269.00      299.00      312.00      307.00      279.00
      259.00      272.00      299.00      295.00      305.00      299.00      325.00      270.00      304.00      290.00
      259.00      291.00      285.00      279.00      284.00      288.00      258.00      304.00      266.00      276.00
      292.00      296.00      289.00      283.00      269.00      271.00      329.00      311.00      327.00      285.00
      284.00      259.00      307.00      313.00      294.00      258.00      267.00      271.00      295.00      277.00
      260.00      264.00      289.00      277.00      261.00      302.00      301.00      306.00      331.00      277.00
      334.00      320.00      278.00      301.00      325.00      339.00      368.00      385.00      490.00      641.00
      739.00      779.00      684.00      570.00      560.00      524.00      502.00      457.00      470.00      490.00
      511.00      571.00      627.00      661.00      845.00     1016.00     1446.00     2133.00     3618.00     6183.00
     8558.00     8354.00     7182.00     5297.00     4445.00     3426.00     1796.00      881.00      682.00      579.00
      561.00      502.00      444.00      407.00      376.00      321.00      306.00      307.00      283.00      284.00
      287.00      289.00      225.00      294.00      267.00      255.00      274.00      247.00      257.00      261.00
      253.00      277.00      246.00      284.00      251.00      268.00      279.00      236.00      257.00      240.00
      242.00      249.00      237.00      262.00      253.00      262.00      223.00      223.00      244.00      232.00
      243.00      248.00      229.00      239.00      229.00      223.00      240.00      243.00      223.00      218.00
      237.00      240.00      255.00      258.00      254.00      234.00      231.00      222.00      264.00      249.00
      241.00      231.00      229.00      225.00      239.00      232.00      247.00      249.00      209.00      211.00
      238.00      224.00      238.00      238.00      214.00      228.00      225.00      235.00      229.00      246.00
      221.00      244.00      248.00      232.00      231.00      220.00      270.00      245.00      270.00      250.00
      244.00      262.00      291.00      291.00      311.00      335.00      314.00      366.00      409.00      458.00
      659.00      858.00     1422.00     2347.00     2760.00     2658.00     2132.00     1711.00     1585.00     1259.00
      787.00      548.00      469.00      470.00      394.00      329.00      309.00      293.00      260.00      266.00
      236.00      251.00      219.00      247.00      246.00      249.00      208.00      251.00      237.00      266.00
      248.00      208.00      248.00      216.00      245.00      257.00      286.00      264.00      283.00      280.00
      309.00      309.00      300.00      346.00      357.00      388.00      425.00      529.00      771.00     1127.00
     2062.00     3345.00     3677.00     3349.00     2435.00     2050.00     1977.00     1466.00      800.00      420.00
      389.00      295.00      294.00      282.00      285.00      260.00      260.00      240.00      248.00      216.00
      197.00      221.00      207.00      217.00      206.00      220.00      217.00      188.00      200.00      213.00
      212.00      199.00      212.00      206.00      209.00      190.00      189.00      194.00      248.00      198.00
      232.00      188.00      179.00      210.00      182.00      191.00      204.00      190.00      199.00      185.00
      192.00      170.00      228.00      197.00      197.00      172.00      206.00      198.00      211.00      161.00
      177.00      181.00      192.00      217.00      180.00      203.00      175.00      200.00      193.00      181.00
      187.00      173.00      197.00      198.00      201.00      185.00      186.00      168.00      202.00      180.00
      208.00      159.00      184.00      200.00      193.00      202.00      185.00      181.00      201.00      205.00
      161.00      173.00      176.00      192.00      214.00      190.00      194.00      201.00      188.00      226.00
      197.00      195.00      191.00      196.00      191.00      206.00      194.00      218.00      198.00      217.00
      216.00      236.00      209.00      245.00      244.00      251.00      239.00      255.00      277.00      236.00
      264.00      281.00      325.00      297.00      338.00      372.00      369.00      421.00      518.00      516.00
      610.00      645.00      706.00      836.00      951.00     1036.00     1237.00     1437.00     1923.00     2794.00
     4895.00     9140.00    15609.00    19693.00    18463.00    13577.00    10549.00    10691.00     9629.00     6704.00
     3443.00     1979.00     1616.00     1419.00     1435.00     1526.00     2118.00     3218.00     5704.00     8147.00
     8564.00     7099.00     5155.00     4680.00     4682.00     3687.00     2194.00     1087.00      763.00      660.00
      537.00      463.00      434.00      387.00      363.00      342.00      281.00      274.00      272.00      309.00
      293.00      309.00      294.00      284.00      343.00      328.00      413.00      393.00      467.00      518.00
      529.00      527.00      672.00      708.00      821.00      866.00     1001.00     1349.00     2044.00     3670.00
     7199.00    11796.00    13515.00    11786.00     8180.00     6689.00     7161.00     6222.00     4114.00     1964.00
     1038.00      813.00      707.00      577.00      482.00      399.00      362.00      332.00      297.00      263.00
      249.00      204.00      236.00      252.00      236.00      219.00      240.00      189.00      224.00      218.00
      191.00      221.00      226.00      211.00      209.00      224.00      228.00      240.00      233.00      231.00
      300.00      293.00      334.00      316.00      311.00      377.00      404.00      450.00      475.00      603.00
      903.00     1628.00     2862.00     4568.00     5206.00     4558.00     3291.00     2640.00     2879.00     2616.00
     1836.00      911.00      588.00      433.00      342.00      306.00      304.00      289.00      249.00      211.00
      198.00      179.00      197.00      184.00      175.00      176.00      182.00      180.00      167.00      170.00
      159.00      161.00      151.00      172.00      152.00      162.00      155.00      136.00      162.00      135.00
      146.00      141.00      160.00      144.00      145.00      144.00      144.00      121.00      174.00      126.00
      153.00      141.00      137.00      133.00      157.00      150.00      147.00      149.00      175.00      142.00
      145.00      140.00      157.00      155.00      164.00      173.00      147.00      193.00      178.00      191.00
      179.00      170.00      213.00      211.00      211.00      256.00      382.00      611.00      935.00     1077.00
      914.00      671.00      580.00      591.00      568.00      510.00      285.00      214.00      183.00      171.00
      199.00      168.00      168.00      142.00      129.00      140.00      149.00      140.00      159.00      136.00
      129.00      139.00      151.00      160.00      142.00      137.00      155.00      132.00      140.00      143.00
      137.00      128.00      141.00      136.00      121.00      130.00      135.00      145.00      147.00      121.00
      146.00      115.00      149.00      125.00      136.00      134.00      131.00      136.00      131.00      136.00
      127.00      138.00      129.00      150.00      133.00      123.00      133.00      153.00      126.00      134.00
      130.00      143.00      134.00      140.00      133.00      104.00      131.00      121.00      148.00      143.00
      143.00      132.00      125.00      121.00      118.00      150.00      146.00      126.00      131.00      150.00
      125.00      127.00      131.00      115.00      137.00      129.00      136.00      152.00      137.00      143.00
      133.00      138.00      134.00      139.00      122.00      129.00      116.00      138.00      160.00      121.00
      132.00      121.00      152.00      107.00      119.00      116.00      110.00      128.00      135.00      126.00
      129.00      115.00      118.00      114.00      130.00      131.00      116.00      135.00      106.00      157.00
      109.00      127.00       92.00      128.00      113.00      135.00      126.00      122.00      132.00      100.00
      133.00      137.00      127.00      121.00      132.00      166.00      181.00      177.00      189.00      160.00
      139.00      152.00      131.00      138.00      128.00      124.00      114.00      116.00      134.00      120.00
      128.00      126.00      150.00      115.00      127.00      127.00      133.00      138.00      135.00      134.00
      134.00      139.00      122.00      129.00      130.00      140.00      129.00      143.00      147.00      154.00
      184.00      166.00      148.00      173.00      212.00      171.00      194.00      217.00      206.00      298.00
      457.00      783.00     1203.00     1340.00     1214.00      886.00      625.00      711.00      740.00      698.00
      477.00      310.00      236.00      190.00      210.00      173.00      172.00      160.00      152.00      155.00
      159.00      175.00      178.00      177.00      198.00      232.00      205.00      285.00      301.00      303.00
      321.00      354.00      371.00      457.00      552.00      862.00     1519.00     2994.00     4433.00     5091.00
     4087.00     2588.00     2133.00     2397.00     2645.00     2481.00     1542.00      815.00      488.00      386.00
      314.00      262.00      242.00      219.00      195.00      170.00      168.00      143.00      181.00      173.00
      143.00      188.00      170.00      148.00      168.00      170.00      226.00      346.00      514.00      659.00
      763.00      675.00      440.00      375.00      388.00      480.00      432.00      367.00      277.00      229.00
      222.00      203.00      160.00      204.00      170.00      157.00      159.00      130.00      135.00      128.00
      118.00      138.00      109.00      108.00      114.00      126.00      101.00      100.00      107.00      122.00
      130.00      118.00       98.00      120.00      113.00       99.00       99.00      102.00      125.00      116.00
      107.00      114.00      106.00       96.00      117.00       96.00      103.00      128.00      118.00      140.00
      104.00      106.00      136.00      103.00      112.00      109.00      104.00      111.00      122.00      138.00
      111.00      132.00      114.00      161.00      140.00      150.00      144.00      148.00      120.00      163.00
      185.00      168.00      204.00      216.00      309.00      487.00      774.00     1208.00     1360.00     1102.00
      757.00      534.00      599.00      746.00      696.00      569.00      370.00      257.00      247.00      305.00
      387.00      392.00      363.00      252.00      241.00      230.00      264.00      235.00      209.00      144.00
      143.00      120.00      150.00      126.00      134.00       92.00      122.00      133.00      119.00      105.00
       96.00      116.00      100.00      130.00      117.00       98.00      120.00       91.00       83.00      101.00
      113.00       99.00      111.00      102.00      108.00      102.00      122.00       91.00      114.00      116.00
      106.00      114.00      115.00       94.00       93.00      122.00      117.00      105.00      116.00      106.00
      108.00      103.00      111.00      101.00      129.00      111.00      104.00      131.00      113.00      141.00
      147.00      149.00      150.00      140.00      179.00      148.00      164.00      216.00      217.00      372.00
      587.00      964.00     1067.00      955.00      681.00      439.00      462.00      594.00      588.00      555.00
      375.00      232.00      166.00      167.00      126.00      114.00      122.00      117.00      118.00      120.00
       88.00      117.00      112.00      115.00      120.00      108.00       92.00      115.00      107.00      106.00
      115.00      129.00      120.00      125.00      121.00      168.00      198.00      300.00      410.00      385.00
      338.00      278.00      190.00      218.00      260.00      244.00      217.00      158.00      138.00      124.00
      126.00      137.00      100.00      109.00      103.00      106.00      138.00      121.00      115.00      104.00
      100.00      113.00      107.00      125.00      142.00      134.00      134.00      120.00      149.00      150.00
      170.00      206.00      237.00      364.00      698.00      903.00      968.00      741.00      449.00      357.00
      436.00      509.00      519.00      427.00      283.00      177.00      133.00      126.00      121.00      126.00
      110.00      115.00      123.00      115.00      112.00       98.00      109.00       97.00      104.00      111.00
      117.00      117.00      100.00      111.00      108.00      113.00       93.00       98.00      111.00      122.00
      106.00      103.00      112.00      105.00       94.00      108.00      106.00      112.00      130.00      111.00
      108.00      117.00      133.00      113.00      107.00      116.00      132.00      128.00      128.00      129.00
      134.00      148.00      123.00      149.00      151.00      171.00      225.00      247.00      270.00      326.00
      362.00      344.00      359.00      385.00      394.00      484.00      622.00      906.00     1524.00     2942.00
     4671.00     5580.00     4666.00     3110.00     1876.00     1829.00     2387.00     2906.00     2797.00     1927.00
     1142.00      641.00      445.00      342.00      298.00      298.00      277.00      196.00      189.00      159.00
      177.00      164.00      149.00      149.00      124.00      145.00      117.00      125.00      111.00      108.00
      131.00      130.00      113.00      116.00       99.00      110.00      112.00      129.00      115.00      127.00
      118.00      118.00      114.00      121.00      106.00      120.00      130.00      114.00      126.00      104.00
      102.00      133.00      142.00      133.00      130.00      119.00      122.00      177.00      190.00      192.00
      178.00      184.00      217.00      239.00      222.00      258.00      383.00      455.00      778.00     1527.00
     2404.00     2771.00     2358.00     1442.00      904.00      794.00     1206.00     1451.00     1457.00     1072.00
      618.00      361.00      233.00      204.00      234.00      198.00      183.00      176.00      145.00      151.00
      162.00      147.00      145.00      151.00      173.00      158.00      176.00      205.00      269.00      394.00
      689.00      860.00      857.00      669.00      404.00      309.00      370.00      457.00      539.00      432.00
      319.00      241.00      202.00      176.00      174.00      189.00      158.00      165.00      177.00      209.00
      213.00      249.00      286.00      315.00      341.00      324.00      396.00      372.00      439.00      476.00
      612.00      746.00     1301.00     2269.00     4258.00     6307.00     6854.00     5518.00     3255.00     1990.00
     2071.00     2969.00     3637.00     3485.00     2452.00     1282.00      728.00      484.00      366.00      310.00
      296.00      272.00      258.00      203.00      191.00      175.00      152.00      153.00      148.00      148.00
      134.00      152.00      135.00      129.00      132.00      119.00      118.00      115.00      117.00      108.00
      101.00      128.00      119.00      134.00      120.00      119.00      138.00      137.00      160.00      179.00
      157.00      173.00      215.00      214.00      202.00      224.00      212.00      232.00      267.00      332.00
      381.00      511.00      845.00     1572.00     2667.00     3483.00     3132.00     2098.00     1216.00      941.00
     1133.00     1561.00     1779.00     1639.00     1077.00      592.00      389.00      272.00      234.00      200.00
      199.00      171.00      201.00      169.00      164.00      139.00      150.00      138.00      135.00      148.00
      167.00      166.00      179.00      177.00      206.00      233.00      231.00      239.00      252.00      249.00
      314.00      387.00      571.00      979.00     1946.00     2887.00     3192.00     2514.00     1534.00      920.00
      846.00     1209.00     1612.00     1685.00     1359.00      799.00      463.00      322.00      234.00      227.00
      195.00      203.00      178.00      166.00      149.00      154.00      167.00      174.00      171.00      181.00
      225.00      210.00      204.00      203.00      248.00      279.00      333.00      453.00      605.00      902.00
     1388.00     2035.00     2564.00     2483.00     1863.00     1178.00      859.00      914.00     1159.00     1397.00
     1304.00     1052.00      614.00      333.00      243.00      228.00      184.00      179.00      160.00      162.00
      168.00      168.00      144.00      118.00      145.00      118.00      136.00      122.00      137.00      154.00
      153.00      194.00      176.00      197.00      219.00      237.00      221.00      233.00      268.00      285.00
      324.00      407.00      615.00     1140.00     2128.00     3195.00     3481.00     2983.00     1786.00     1116.00
      922.00     1219.00     1768.00     1937.00     1787.00     1248.00      830.00      535.00      406.00      304.00
      237.00      210.00      240.00      260.00      241.00      216.00      133.00      150.00      124.00      107.00
      128.00       92.00       96.00      106.00       96.00       90.00      114.00      107.00      108.00       75.00
       97.00      102.00       99.00       97.00       94.00       94.00       96.00       89.00       92.00       91.00
       90.00       95.00       89.00       88.00       90.00       89.00       79.00       81.00      102.00       92.00
       85.00      105.00       96.00       86.00       92.00       85.00       84.00      109.00      153.00      181.00
      192.00      161.00      149.00       98.00      115.00      128.00      141.00      131.00      117.00      108.00
      103.00       92.00       82.00       94.00       92.00       73.00       85.00       93.00       73.00       78.00
       80.00       74.00       89.00      102.00       80.00       78.00       66.00       80.00      101.00       78.00
       75.00       75.00       75.00       79.00       85.00       81.00       83.00       81.00       76.00       76.00
       67.00       73.00       79.00       83.00       87.00       75.00       70.00       84.00       73.00       73.00
       93.00       84.00       82.00       84.00       73.00       98.00       89.00       84.00       92.00      101.00
       90.00      104.00       95.00      100.00      115.00      122.00      104.00      124.00      113.00      122.00
      126.00      117.00      117.00      154.00      161.00      139.00      152.00      170.00      216.00      302.00
      496.00      734.00     1175.00     1447.00     1337.00      901.00      555.00      381.00      418.00      529.00
      695.00      779.00      690.00      519.00      271.00      183.00      159.00      156.00      117.00      126.00
      110.00      100.00      120.00      109.00       89.00       90.00      119.00       94.00      117.00      138.00
      149.00      149.00      147.00      132.00      108.00       98.00       99.00      132.00      131.00      113.00
      126.00      104.00      131.00      130.00      171.00      157.00      160.00      119.00      120.00      103.00
      119.00      131.00      174.00      167.00      161.00      150.00      146.00      150.00      184.00      296.00
      460.00      649.00      734.00      594.00      391.00      252.00      208.00      259.00      296.00      357.00
      412.00      310.00      245.00      147.00      129.00      115.00       92.00       91.00       82.00       82.00
       86.00       83.00       78.00       67.00       83.00       95.00       85.00       91.00       83.00       73.00
       99.00       94.00       76.00       72.00       71.00       76.00       79.00       84.00       76.00       89.00
       86.00       87.00      104.00       89.00       81.00      113.00       84.00      100.00      114.00       97.00
      127.00      127.00      128.00      181.00      255.00      382.00      429.00      320.00      234.00      164.00
      123.00      186.00      189.00      257.00      287.00      303.00      262.00      181.00      147.00      115.00
      118.00      110.00      121.00      123.00      127.00      114.00      109.00       84.00      104.00      105.00
       90.00       91.00       73.00       64.00       79.00       77.00       91.00       95.00       88.00      121.00
      134.00      172.00      198.00      228.00      199.00      132.00      102.00      110.00      113.00      140.00
      142.00      139.00      128.00      121.00       77.00       89.00       92.00       84.00       85.00       81.00
       65.00       82.00       55.00       87.00       74.00       79.00       79.00       69.00       71.00       66.00
       83.00       74.00       83.00       82.00       76.00       82.00       79.00       66.00       78.00       92.00
       75.00       57.00       78.00       73.00       77.00       90.00       85.00       81.00      106.00       94.00
      100.00       89.00      134.00      100.00      117.00      118.00      141.00      153.00      187.00      283.00
      466.00      757.00      943.00      898.00      716.00      412.00      283.00      242.00      301.00      405.00
      501.00      517.00      430.00      333.00      243.00      147.00      142.00      114.00      160.00      164.00
      183.00      182.00      277.00      481.00      683.00      878.00      910.00      697.00      436.00      260.00
      235.00      277.00      327.00      480.00      530.00      446.00      269.00      198.00      164.00      125.00
      101.00      113.00       92.00       95.00       84.00       96.00       99.00       71.00       64.00       85.00
       85.00       95.00       53.00       90.00       79.00       70.00       86.00       82.00       92.00       62.00
      105.00      101.00      101.00      115.00      107.00      115.00      108.00      111.00      136.00      142.00
      176.00      238.00      318.00      520.00      750.00      840.00      672.00      465.00      316.00      273.00
      308.00      392.00      569.00      769.00      917.00      773.00      549.00      338.00      187.00      165.00
      202.00      234.00      309.00      340.00      300.00      192.00      172.00       93.00      118.00       91.00
       92.00      101.00       97.00       80.00       93.00       76.00       77.00       77.00       75.00       76.00
       75.00       77.00       64.00       76.00       83.00       81.00       76.00       80.00       82.00       92.00
       79.00       74.00       81.00       79.00       86.00       76.00       75.00       91.00       87.00       92.00
      102.00      103.00       98.00       96.00       96.00      125.00      120.00      128.00      115.00      126.00
      159.00      151.00      147.00      175.00      154.00      178.00      210.00      310.00      393.00      643.00
     1176.00     1711.00     2231.00     2049.00     1443.00      823.00      505.00      477.00      497.00      800.00
     1038.00     1129.00     1071.00      696.00      429.00      294.00      225.00      190.00      168.00      189.00
      129.00      137.00      136.00      180.00      188.00      230.00      307.00      374.00      372.00      365.00
      262.00      220.00      194.00      209.00      274.00      295.00      354.00      492.00      805.00     1139.00
     1487.00     1638.00     1407.00      888.00      533.00      382.00      407.00      491.00      670.00      856.00
      933.00      858.00      700.00      588.00      629.00      938.00     1241.00     1228.00     1006.00      679.00
      408.00      312.00      315.00      422.00      574.00      695.00      702.00      521.00      388.00      213.00
      165.00      104.00      140.00      117.00      100.00      109.00      105.00      102.00      108.00       78.00
       95.00       92.00       85.00       80.00       89.00       81.00       85.00      103.00      107.00      107.00
      112.00       94.00       92.00      112.00      109.00      122.00      130.00      134.00      126.00      160.00
      159.00      175.00      208.00      291.00      456.00      739.00     1100.00     1265.00     1214.00      860.00
      503.00      368.00      321.00      376.00      499.00      736.00      935.00      861.00      669.00      425.00
      261.00      205.00      178.00      172.00      212.00      234.00      219.00      201.00      168.00      125.00
       92.00      103.00       75.00       99.00      103.00       68.00       71.00       89.00       76.00       77.00
       81.00       80.00       71.00       68.00       67.00       71.00       75.00       71.00       75.00       85.00
       83.00       85.00       66.00       68.00       77.00       90.00       78.00       86.00       78.00       96.00
       86.00       88.00       91.00      105.00      117.00      119.00      141.00      187.00      313.00      409.00
      432.00      451.00      429.00      352.00      314.00      229.00      198.00      195.00      239.00      270.00
      303.00      223.00      217.00      204.00      161.00      127.00      106.00       84.00       86.00       96.00
       65.00       75.00       68.00       75.00       56.00       66.00       52.00       71.00       64.00       58.00
       62.00       67.00       82.00       52.00       74.00       64.00       54.00       66.00       56.00       81.00
       65.00       61.00       64.00       64.00       70.00       80.00       78.00       64.00       60.00       61.00
       71.00       59.00       75.00       63.00       59.00       62.00       49.00       62.00       47.00       72.00
       63.00       61.00       58.00       58.00       54.00       58.00       65.00       53.00       62.00       61.00
       78.00       57.00       72.00       56.00       52.00       46.00       80.00       60.00       65.00       51.00
       58.00       82.00       61.00       55.00       63.00       57.00       60.00       61.00       58.00       76.00
       67.00       67.00       74.00       85.00       87.00      147.00      122.00      115.00      126.00      104.00
       95.00       83.00       80.00       78.00       91.00       90.00      102.00      104.00       83.00       81.00
       73.00       73.00       60.00       74.00       59.00       73.00       61.00       73.00       59.00       53.00
       71.00       61.00       64.00       68.00       75.00       74.00       61.00       66.00       75.00       62.00
       75.00       67.00       49.00       69.00       71.00       73.00       87.00      100.00      128.00      125.00
      123.00       98.00       93.00       67.00       87.00       76.00       68.00       75.00      113.00      108.00
       87.00       75.00       88.00       80.00       84.00       88.00       77.00       82.00       79.00       68.00
       76.00       70.00       95.00      102.00       95.00      130.00      175.00      262.00      394.00      458.00
      463.00      375.00      270.00      196.00      157.00      151.00      150.00      194.00      253.00      271.00
      262.00      265.00      159.00      145.00       82.00       98.00       72.00       88.00       67.00       80.00
       87.00       96.00      108.00      141.00      143.00      134.00      104.00       89.00       72.00       86.00
       75.00       85.00       75.00      108.00      105.00       92.00       82.00       67.00       60.00       82.00
       66.00       81.00       66.00       63.00       56.00       76.00       82.00       85.00       70.00       90.00
      104.00      110.00       94.00       97.00       73.00       71.00       76.00       64.00       74.00       72.00
      100.00      101.00      113.00      142.00      139.00      122.00      110.00       82.00       97.00       51.00
       70.00       81.00       81.00      105.00      114.00      108.00       92.00       71.00       66.00       74.00
       85.00       87.00      103.00       94.00      101.00      107.00      102.00      129.00      117.00      152.00
      177.00      191.00      186.00      186.00      171.00      193.00      262.00      438.00      706.00      876.00
      869.00      734.00      501.00      314.00      226.00      183.00      176.00      285.00      361.00      440.00
      497.00      453.00      338.00      216.00      155.00      125.00      148.00      126.00      150.00      127.00
      119.00      130.00      117.00      102.00       91.00      136.00      135.00      142.00      188.00      239.00
      325.00      527.00      658.00      629.00      496.00      341.00      214.00      190.00      143.00      169.00
      157.00      291.00      301.00      332.00      323.00      285.00      152.00      141.00      118.00       94.00
       90.00       99.00       76.00       77.00       73.00       96.00       94.00      109.00      107.00      131.00
      157.00      118.00      132.00       89.00       62.00       85.00       80.00       86.00      101.00       85.00
       92.00      111.00       87.00       77.00       75.00       71.00       64.00       77.00       75.00       68.00
       68.00       82.00       72.00       61.00       61.00       66.00       84.00       80.00       64.00       84.00
       71.00       80.00       85.00       86.00      101.00       82.00       94.00      101.00       94.00       98.00
      110.00      112.00      136.00      150.00      231.00      325.00      468.00      510.00      540.00      463.00
      424.00      481.00      646.00      794.00      801.00      699.00      538.00      453.00      396.00      334.00
      313.00      259.00      318.00      365.00      444.00      447.00      347.00      270.00      164.00      127.00
      144.00      111.00       93.00       96.00       90.00       75.00       95.00       77.00       77.00       91.00
       92.00       71.00       89.00       90.00       77.00      103.00       81.00      105.00       90.00      114.00
      157.00      215.00      242.00      247.00      224.00      161.00      128.00      100.00      103.00      114.00
      139.00      143.00      157.00      196.00      182.00      197.00      166.00      198.00      215.00      321.00
      273.00      288.00      257.00      223.00      222.00      289.00      381.00      593.00      934.00     1118.00
     1013.00      801.00      530.00      308.00      253.00      225.00      239.00      277.00      351.00      479.00
      531.00      506.00      447.00      270.00      190.00      190.00      132.00      123.00      130.00      113.00
       88.00      106.00       87.00       74.00       94.00       79.00       94.00       87.00       78.00       72.00
       84.00       93.00      110.00       85.00      107.00       95.00      105.00      114.00      116.00      138.00
      205.00      312.00      419.00      440.00      428.00      350.00      210.00      173.00      120.00      153.00
      135.00      176.00      196.00      242.00      278.00      285.00      230.00      196.00      187.00      142.00
      128.00      173.00      176.00      214.00      320.00      428.00      532.00      508.00      447.00      380.00
      272.00      238.00      240.00      270.00      362.00      473.00      748.00     1087.00     1450.00     1530.00
     1246.00      801.00      528.00      358.00      286.00      274.00      340.00      418.00      519.00      752.00
      874.00      957.00      987.00      943.00      769.00      592.00      385.00      285.00      212.00      199.00
      200.00      214.00      258.00      281.00      423.00      373.00      331.00      318.00      178.00      144.00
      128.00      107.00      106.00      117.00       99.00       67.00       97.00      100.00       89.00       89.00
       85.00       81.00       81.00       66.00       77.00       90.00       77.00       96.00       97.00       86.00
       91.00       98.00      121.00       94.00       97.00       97.00      132.00      169.00      221.00      271.00
      295.00      284.00      249.00      238.00      261.00      332.00      538.00      842.00     1189.00     1135.00
     1034.00      722.00      502.00      364.00      274.00      219.00      246.00      319.00      379.00      516.00
      632.00      603.00      454.00      338.00      232.00      156.00      139.00      106.00      110.00       97.00
       95.00       91.00      109.00       89.00       75.00       83.00       81.00       69.00       74.00       71.00
       58.00       72.00       68.00       67.00       78.00       57.00       69.00       65.00       69.00       58.00
       72.00       79.00       71.00       59.00       66.00       61.00       51.00       64.00       54.00       69.00
       83.00       45.00       64.00       79.00       65.00       53.00       55.00       60.00       65.00       66.00
       53.00       66.00       77.00       75.00       68.00       62.00       68.00       61.00       56.00       57.00
       60.00       52.00       72.00       54.00       48.00       67.00       61.00       46.00       62.00       56.00
       64.00       61.00       59.00       59.00       68.00       62.00       51.00       39.00       55.00       69.00
       52.00       73.00       58.00       64.00       57.00       71.00       55.00       64.00       56.00       56.00
       73.00       69.00       60.00       79.00       71.00       78.00       80.00       73.00       61.00       76.00
       92.00      136.00      147.00      164.00      138.00      115.00       90.00       77.00       79.00       88.00
       76.00       78.00       83.00       90.00      119.00      106.00       92.00       91.00       94.00       83.00
       91.00       64.00       89.00       64.00       88.00      120.00      143.00      167.00      241.00      249.00
      248.00      172.00      139.00      117.00       89.00       88.00       88.00       95.00      109.00      121.00
      138.00      142.00      179.00      142.00      112.00       95.00       90.00       84.00       91.00       91.00
       96.00       83.00      124.00      145.00      182.00      206.00      189.00      164.00      121.00      113.00
      118.00      106.00      136.00      131.00      133.00      174.00      227.00      346.00      404.00      454.00
      392.00      274.00      230.00      148.00      144.00      106.00      103.00      120.00      137.00      159.00
      186.00      221.00      194.00      197.00      149.00      118.00       85.00       80.00       65.00       77.00
       78.00       92.00       84.00       91.00       98.00      139.00      166.00      168.00      215.00      185.00
      147.00      129.00       96.00      109.00       76.00       76.00       94.00       92.00      109.00      105.00
      150.00      141.00      135.00      125.00      117.00       99.00      102.00      132.00      124.00      178.00
      188.00      238.00      223.00      169.00      154.00      118.00      116.00      119.00      137.00      137.00
      179.00      216.00      271.00      349.00      304.00      258.00      216.00      178.00      221.00      242.00
      290.00      307.00      396.00      365.00      431.00      557.00      701.00      833.00      746.00      592.00
      371.00      253.00      263.00      239.00      205.00      241.00      256.00      270.00      319.00      357.00
      419.00      387.00      327.00      242.00      188.00      141.00      117.00      134.00      151.00      147.00
      211.00      258.00      337.00      422.00      384.00      344.00      272.00      224.00      213.00      176.00
      209.00      242.00      342.00      499.00      685.00      748.00      679.00      539.00      402.00      294.00
      200.00      196.00      215.00      200.00      208.00      238.00      314.00      320.00      389.00      325.00
      228.00      168.00      138.00      122.00      117.00      115.00       94.00       87.00       76.00      105.00
      101.00      101.00       90.00       97.00       83.00       70.00       76.00       90.00       78.00       82.00
       83.00       87.00       99.00      139.00      156.00      160.00      184.00      143.00      126.00      114.00
       70.00       84.00       71.00       90.00       99.00       96.00       93.00      112.00      119.00      126.00
      117.00       94.00       89.00      101.00      106.00      111.00      122.00      149.00      187.00      244.00
      344.00      343.00      309.00      207.00      170.00      145.00      121.00      106.00      102.00      121.00
      108.00      123.00      149.00      186.00      193.00      170.00      145.00      124.00       98.00       99.00
       85.00       96.00       82.00       84.00       79.00       85.00      107.00      101.00       97.00       91.00
       77.00       69.00       67.00       84.00       66.00       71.00       73.00       70.00       83.00       78.00
       94.00       95.00       90.00       86.00       71.00       66.00       57.00       69.00       80.00       76.00
       85.00       85.00       71.00       81.00       90.00       85.00       62.00       74.00       70.00       79.00
       80.00       74.00       78.00       84.00       87.00       93.00       92.00      106.00      104.00      113.00
      107.00      121.00      124.00      147.00      151.00      225.00      323.00      469.00      736.00      753.00
      699.00      518.00      366.00      241.00      247.00      206.00      241.00      293.00      349.00      476.00
      557.00      585.00      580.00      476.00      422.00      297.00      236.00      256.00      216.00      192.00
      188.00      216.00      225.00      279.00      303.00      293.00      244.00      231.00      207.00      172.00
      185.00      193.00      227.00      267.00      393.00      465.00      510.00      456.00      366.00      266.00
      222.00      209.00      169.00      150.00      130.00      152.00      164.00      179.00      227.00      321.00
      328.00      294.00      250.00      180.00      143.00      130.00      139.00      113.00      103.00       94.00
      102.00      106.00      106.00      101.00      109.00      120.00      153.00      136.00      148.00      136.00
      143.00      169.00      189.00      228.00      309.00      389.00      664.00     1014.00     1271.00     1330.00
     1056.00      779.00      496.00      330.00      286.00      229.00      222.00      210.00      256.00      269.00
      379.00      527.00      698.00      649.00      602.00      464.00      298.00      185.00      167.00      146.00
      126.00      123.00      124.00       94.00      112.00       96.00       75.00       79.00       70.00       66.00
       67.00       79.00       71.00       74.00       86.00       44.00       67.00       85.00       58.00       67.00
       59.00       66.00       65.00       84.00       85.00       92.00      120.00      138.00      127.00       97.00
        0.0         0.0         0.0         0.0         0.0         0.0         0.0         0.0         0.0         0.0 
