FAp Test case FDATA Y-286 15-90 F.IN  1/32 F.OUT    29.7.98           
   0   5   1   0   1   1   0   1   1   1   0
00111 10011 10000 000
 1.5405  1.5443  .5      90.0    8.0     .8009   1.0     35.0    .0     
   1 .1  .95 .95 .95 .95
 15.0    25.0   
P-1  .1      .12     30.9738
-1.73957 2.0     .36266  4.27224 2.74761 6.9586  5.40399 9.41438 6.26043
      32
 .0      -0.0369 .0      .0      .0      1.0     .0     
 .0      21.0    .0      .0      .0      .0      .0     
 77.3     198.73   539.29   .0       .0       .0      
 31.0     41.0     71.0     .0       .0       .0      
Fluorapatite                                             PHASE NUMBER 
   7   6 1.0     .0  .0  1.0
P 63/M              
O1      6 O-1    .32537  .48663  .25     .0      .97876 
                 160.0   171.0   .0      .0      131.0  
 .0035   .0026   .0041   .0023   .0      .0     
 .0      .0      .0      .0      .0      .0     
O2      6 O-1    .58913  .4686   .25     .0      .98454 
                 180.0   191.0   .0      .0      141.0  
 .0016   .0024   .007    .0007   .0      .0     
 .0      .0      .0      .0      .0      .0     
O3     12 O-1    .33962  .25918  .07217  .0      1.0    
                 200.0   211.0   221.0   .0      .0     
 .0061   .0031   .0031   .0029   .0021   .0014  
 .0      .0      .0      .0      .0      .0     
P       6 P-1    .39651  .36655  .25     .0      .95406 
                 230.0   241.0   .0      .0      151.0  
 .0014   .0012   .0017   .0007   .0      .0     
 .0      .0      .0      .0      .0      .0     
CA1     4 CA+2   .33333  .66667  .00251  .0      .96913 
                 .0      .0      271.0   .0      291.0  
 .0011   .003    .003    .002    .0015   .0     
 .0      .0      .0      .0      .0      .0     
CA2     6 CA+2   .24139  .99187  .25     .0      .96654 
                 250.0   261.0   .0      .0      121.0  
 .002    .002    .0027   .0011   .0      .0     
 .0      .0      .0      .0      .0      .0     
F       2 F-1    .0      .0      .25     .0      1.00016
                 .0      .0      .0      .0      281.0  
 .0025   .0025   .0129   .0012   .0      .0     
 .0      .0      .0      .0      .0      .0     
 .00108  .0454  
 11.0    311.0  
 .00977 -0.00514 .00642  .0      .0      .0      .0     
 80.2    320.1   50.5    .0      .0      .0      .0     
 9.3728  9.3728  6.8866  90.0    90.0    120.0  
 100.5   100.5   110.5   .0      .0      100.5  
 .99051  .0     -0.13376
 60.3    .0      300.5  
 .6466   .0008   .0     
 90.5    320.3   .0     
 .0      .0      .0     
 .0      .0      .0     
 .0     
 .0     
