powder v3-gDBWS interface                                             
   0   4   1   0   0   0   0   1   0   1   0
00300 00001 10000 001
1.540562 1.54439 .5      90.0    8.0     1.0     1.0     40.0    .1     
   3 .1  .95 .95 .95 .95
       1
 .0      .0      .0      .0      .0      .0      .0     
 .0      .0      .0      .0      .0      .0      .0     
 .0       .0       .0       .0       .0       .0      
 .0       .0       .0       .0       .0       .0      
test                                                                  
   1   8 1.0     .0  .00 .0 
F D 3 M             
h       8        .0      .0      .0      .0      .0     
                 .0      .0      .0      .0      .0     
 .0      .0      .0      .0      .0      .0     
 .0      .0      .0      .0      .0      .0     
 1.0     .0     
 .0      .0     
 .019    -0.0032 .0059   .0      .0      .0      .0     
 .0      .0      .0      .0      .0      .0      .0     
 8.33    8.33    8.33    90.0    90.0    90.0   
 11.0    11.0    11.0    .0      .0      .0     
 1.0     .0      .16    
 .0      .0      .0     
 .51     .0      .0     
 .0      .0      .0     
 .0      .0      .0     
 .0      .0      .0     
 .0     
 .0     
