QDATA 2 PHASE TEST CASE QUARTZ+?  8FWHM  24.9.98 2/24                 
   0   5   2   0   0   0   0   1   0   1   0            
0 0 2 1 1  1 0 0 0 0  1 0 0 0 0 0 0 0                   
 1.54050 1.54430  .50000 90.0000  8.0000   .8009  1.0000 35.0000   .0000
   2 .10 .95 .95 .95 .95                                
      24                                                
   .0000  -.0183   .0000   .0000   .0000  1.0000   .0000
   .0000 21.0000   .0000   .0000   .0000   .0000   .0000
    38.56   116.73   134.67      .00      .00      .00  
  31.0000  41.0000 181.0000    .0000    .0000    .0000  
Alpha quartz                                            
   2   3  1.0000  .00  .00   1.00                            
P 32 2 1                                                
SI1 
3
SI+4
    .47001  .47001  .00000  .55058 1.00000
                   91.00   91.00     .00  190.50     .00
  .00490  .00270  .00490  .00140 -.00010 -.00002        
     .00     .00     .00     .00     .00     .00        
O1
6
O-1
     .14855  .41915  .11983 1.14585 1.03391
                  101.00  111.00  121.00  200.50  210.40
  .01430  .00000  .01900  .00850 -.00320 -.00420        
     .00     .00     .00     .00     .00     .00        
.658E-02   .0000                                        
   11.00     .00
  .01959 -.00327  .00594  .00000  .00000  .00000  .00000
  160.25     .00   80.25     .00     .00     .00     .00
  4.9139  4.9139  5.4052 90.0000 90.0000 120.0000        
   61.00   61.00   71.00     .00     .00   61.00
 1.00000  .00000  .16928                 
     .00     .00  130.50
   .5102   .0000   .0000
  140.50     .00     .00
   .0000   .0000   .0000
     .00     .00     .00
   .0000                
     .00
PHASE 2   ALPHA ALUMINA                
   2   0  1.0000  1.00  1.00   .00           
R -3 C H                               
AL1
12
AL+3
    .00000  .00000  .34994  .80000 1.00000
                     .00     .00  220.50     .00     .00
  .00000  .00000  .00000  .00000  .00000  .00000        
     .00     .00     .00     .00     .00     .00        
O1
18
O-1
     .31286  .00000  .25000 1.00000 1.00000
                  230.10     .00     .00     .00     .00
  .00000  .00000  .00000  .00000  .00000  .00000        
     .00     .00     .00     .00     .00     .00        
.469E-04  3.3145                                        
   51.00  240.50
 -.03176 -.00327  .02463  .00000  .00000  .00000  .00000
  170.10     .00  150.30     .00     .00     .00     .00
  4.7609  4.7609 12.9962 90.0000 90.0000 120.0000        
     .00     .00     .00     .00     .00     .00
 1.00000  .00000  .00000                 
     .00     .00     .00
   .5850   .0000   .0000
     .00     .00     .00
   .0000   .0000   .0000
     .00     .00     .00
   .0000                
     .00
