 20.120    .020  60.100 PS999RF 24AP90  QUARTZ, 6-7-86  T=10     20.120
     30      34      44      37      35      25      29      46  20.260
     42      34      40      35      21      39      43      30  20.420
     48      44      52      44      50      46      47      56  20.580
     64      62      86      79     103     124     197     257  20.740
    484     831    1558    2478    3169    3185    2534    1828  20.900
   1217     661     263     173     128      79      88      68  21.060
     75      55      64      40      56      45      59      34  21.220
     31      38      37      45      36      32      25      43  21.380
     42      46      43      15      35      39      31      37  21.540
     22      36      31      26      27      31      33      33  21.700
     20      19      32      36      30      28      30      32  21.860
     31      22      48      29      21      34      24      28  22.020
     36      35      23      41      33      33      29      29  22.180
     32      25      33      23      34      32      31      29  22.340
     32      30      16      41      24      31      35      29  22.500
     28      33      28      21      30      27      23      19  22.660
     26      30      22      30      26      33      28      32  22.820
     27      26      28      33      27      40      38      23  22.980
     25      18      29      29      32      35      26      26  23.140
     26      28      25      30      32      30      23      34  23.300
     25      35      25      33      18      22      25      25  23.460
     28      29      25      22      20      27      30      30  23.620
     32      31      23      35      28      24      26      30  23.780
     24      28      26      37      34      29      28      38  23.940
     19      18      27      30      25      24      23      20  24.100
     27      24      28      25      23      30      29      26  24.260
     31      19      34      28      24      31      18      28  24.420
     27      30      31      24      21      33      29      23  24.580
     17      28      21      33      22      23      28      28  24.740
     34      21      39      34      29      33      30      26  24.900
     37      30      32      31      25      30      30      18  25.060
     26      28      32      27      37      29      30      31  25.220
     35      30      30      29      39      25      39      27  25.380
     41      44      35      32      65      69      70      96  25.540
     86      60      80      82      59      63      52      38  25.700
     35      38      46      43      42      39      51      48  25.860
     46      63      53      55      56      54      46      57  26.020
     61      55      81      56      74      82      90      94  26.180
     88      93      92     114     130     134     152     153  26.340
    181     200     251     308     365     425     570     763  26.500
   1088    1843    3511    6539   10752   13260   12730   10737  26.660
   8655    6863    4861    2404    1040     636     458     338  26.820
    276     260     211     198     167     139     135     139  26.980
     95     108      84      88      83      73      86      70  27.140
     72      53      69      56      43      44      68      40  27.300
     61      49      51      41      36      33      38      33  27.460
     39      31      35      40      35      31      35      27  27.620
     19      28      36      36      22      27      27      25  27.780
     31      29      23      26      20      29      26      24  27.940
     23      23      25      16      26      30      28      16  28.100
     26      22      22      21      23      26      12      24  28.260
     26      18      23      23      20      17      17      21  28.420
     25      18      32      25      28      16      17      18  28.580
     25      29      25      24      15      19      19      23  28.740
     20      20      17      28      19      16      15      21  28.900
     21      21      13      11      15      22      15      22  29.060
     24      22      17      18      23      24      29      18  29.220
     27      19      19      15      18      20      27      21  29.380
     21      21      16      17      19      14      23      22  29.540
     25      21       9      16      22      28      28      28  29.700
     19      13      16      22      26      30      23      26  29.860
     22      19      21      21      14      22      12      18  30.020
     24      30      25      23      23      23      19      12  30.180
     22      22      19      16      17      19      23      19  30.340
     17      27      13      16      20      28      19      23  30.500
     22      23      20      21      15      22      22      21  30.660
     16      19      18      20      20      20      24      22  30.820
     34      16      26      21      19      17      19      19  30.980
     16      25      23      22      26      17      19      17  31.140
     13      23      23      18      18      21      14      20  31.300
     19      14      19      17      17      27      21      16  31.460
     17      20      24      19      25      21      12      30  31.620
     10      22      18      19      16      19      21      15  31.780
     22      22      13      22      12      28      16      11  31.940
     14      14      20      14      18      13      17      30  32.100
     16      16      12      28      17      17      16      17  32.260
     18      17      22      12      24      16      21      22  32.420
     12      22      15      14      18      15      16      18  32.580
     23      25      10      17      16      14      15      19  32.740
     14      24      16      20      15      19      27      23  32.900
     16      15      24      18      12      14      22      24  33.060
     21      21      19      19      18      16      13      16  33.220
     21      20      23      20       9      21      15      11  33.380
     11      14      19      18      27      12      19      30  33.540
      8      20      17      22      18      19      14      22  33.700
     16      19      16      14      20      17      10      15  33.860
     29      14      26      17      18      19      19      18  34.020
     21      16      16      21      22      25      20      13  34.180
     21      20      13      11      22      19      14      12  34.340
      8      13      22      15      14      13      22      19  34.500
     14      13      18      13      11      19      18      19  34.660
     20      17      21      17      16      17      22      10  34.820
     14      23      17      16      15      13      29      31  34.980
     32      40      38      54     103     108     117     121  35.140
    111     103      78      89      69      53      37      36  35.300
     24      16      36      34      24      22      22      18  35.460
     17      22      25      23      12       9      14      16  35.620
     14      11      13      17      16      19      14      20  35.780
     25      14      22       9      21      18      20      24  35.940
     19      15      18      18      17      19      20      23  36.100
     25      24      20      26      27      25      30      27  36.260
     23      36      38      46      47      46      82      89  36.420
    133     225     417     665     914     909     746     528  36.580
    504     512     478     303     140      98      47      49  36.740
     49      42      33      52      32      24      23      28  36.900
     33      30      23      28      20      20      22      26  37.060
     17      16      18      24      29      18      26      17  37.220
     17      21      16      18      20      11      12      15  37.380
     22      23      16      19      27      12      22      15  37.540
     17      16      21      29      21      33      24      31  37.700
     34      42      22      35      31      34      28      26  37.860
     21      17      14      21      24      18      15      11  38.020
     18      10      14      15      15      19      10      16  38.180
     18      15      18      17      20      12      14      17  38.340
     16      17      13      18      21      22      23      19  38.500
     21      20      22      21      21      18      18      18  38.660
     18      26      20      17      12      16      17      21  38.820
      9      12      19      11      21      20      18      21  38.980
     15      21      23      22      24      25      19      22  39.140
     19      37      35      29      33      53      51      60  39.300
     54      92     139     190     363     603     826     933  39.460
    772     490     430     490     477     409     235     119  39.620
     61      53      38      38      32      47      27      29  39.780
     34      34      28      27      25      27      24      26  39.940
     26      18      28      32      26      33      32      30  40.100
     47      48      48      71     103     191     294     447  40.260
    480     335     243     220     238     228     243     153  40.420
     66      51      37      37      31      32      23      22  40.580
     22      20      20      22      17      24      17      11  40.740
     10      25      16      22      18      17      10      19  40.900
     29      22      21      16      13      23      16      11  41.060
     22      12      17      15      16      14      17      21  41.220
     17      14      23      23       9      23      13      18  41.380
     22       6      22      22      14      26      19      19  41.540
     17      14      20      18      23      15      17      23  41.700
     13      21      18       8      24      22      22      24  41.860
     12      20      16      18      20      19      16      21  42.020
     16      28      18      22      30      20      29      39  42.180
     25      33      38      39      46      56      58      92  42.340
    173     296     458     660     690     544     418     317  42.500
    369     350     358     244     125      61      51      33  42.660
     28      35      38      21      26      32      20      24  42.820
     24      16      21      20      17      15      22      23  42.980
     17      20      21      33      24      23      17      25  43.140
     26      25      30      32      54      50      68      82  43.300
     84      98      81      88      63      59      61      58  43.460
     34      34      26      34      30      23      20      18  43.620
     26      14      11      16      22      22      14      25  43.780
     16      18      17      17      17      17      21      16  43.940
     21      15      22      23      15      23      17      24  44.100
     20      26      12      18      26      17      23      20  44.260
     22      21      25      24      17      25      26      18  44.420
     21      28      22      31      25      25      20      34  44.580
     25      31      38      29      27      34      30      20  44.740
     26      22      30      24      30      29      23      21  44.900
     25      28      17      14      11      27      22      20  45.060
     26      21      20      23      23      17      14      13  45.220
     22      31      24      17      15      19      13      20  45.380
     22      18      21      26      19      23      26      30  45.540
     35      34      37      39      45      66      64     132  45.700
    170     276     407     486     387     246     183     206  45.860
    217     249     193     126      72      49      36      30  46.020
     30      22      15      16      25      17      24      16  46.180
     14      18      18      18      15      17      14      19  46.340
     13      18      16      22       5      15      15      15  46.500
     10      14      15       8       8      10      14      27  46.660
     20      20      13      14      24      12       8      23  46.820
     15      12       7      16      10      11      13      20  46.980
     16      14      12      11      11       6      15      12  47.140
     11      16      13      14       9       6       9      21  47.300
     11      16      13      10      17      13      14      14  47.460
     10      18      13      14      20      11       8       7  47.620
     17      25      21      14      15      13       9      10  47.780
     18      17      16      14      17      12      16      17  47.940
     14      12       7      12      18       9       5      14  48.100
      9      19      19      14      13      17      15      15  48.260
     20       5      14      10      13      18      15      11  48.420
     21      22      11      19      16       9      13      15  48.580
     21      22       8      18      15      17      12      17  48.740
     13      13      14      11      24      17      15      12  48.900
     16      23      15      19      17      18      15      13  49.060
     11      14      10      14      19       9      14      16  49.220
     18      24      11      18      22      24      11      27  49.380
     19      19      21      21      23      25      20      29  49.540
     24      22      16      28      27      30      27      36  49.700
     26      21      30      41      50      42      41      58  49.860
     64      72      80      83     101     121     150     237  50.020
    334     488     921    1318    1453    1374     871     514  50.180
    483     632     731     812     617     379     181     106  50.340
     90      84      64      67      43      46      50      38  50.500
     36      40      42      56      60      66      44      36  50.660
     35      32      33      43      41      27      29      27  50.820
     17      30      24      15      34      19      20      21  50.980
     17      16      24      10      21      11      21      19  51.140
     13      20      17      18      14      16      21      14  51.300
     13      16      24      14      12      16      21      11  51.460
     11      12      10      21       9      10      10      10  51.620
     20      13      12      19      14      12      17      16  51.780
     20       9      15      12      14       9      13      15  51.940
     18      17       9      14      16      21      15      18  52.100
     15      20       8      22      21      15      12      17  52.260
     18      17      19      21      25      11      15      20  52.420
     25      31      47      44      40      42      46      38  52.580
     25      23      24      31      23      29      11      20  52.740
     19      17      15       8      15       8      24      19  52.900
     16      17       7      10      13      10      11      14  53.060
     14      17      13      12      11      10      14      15  53.220
     10      10      10      19      12      10      10      19  53.380
      7      12      10       9      16      13      19      10  53.540
      8      18      12      15      17       9       7      20  53.700
     12      17      12      12      20      10      13      12  53.860
     13      13      14      14      17      12      10      16  54.020
     22      15      17      11      12      10      20      17  54.180
     13      16      11      19      21      22       9      15  54.340
     18      17      10      16      17      19      21      22  54.500
     14      22      24      27      20      44      30      40  54.660
     35      41      57      64     100     136     213     322  54.820
    423     415     347     211     161     144     177     227  54.980
    248     200     145      83      76      34      36      38  55.140
     38      41      47      57     105     123     165     196  55.300
    147     147      89      64      84      73     100     113  55.460
    111      60      28      29      33      25      18      20  55.620
     17      22      21      10       6      23      24      18  55.780
     10      12      19      15      13       9      22      20  55.940
     19      13      17      16      16      27      16      17  56.100
     13      17      10      15      13      12       8      13  56.260
      9      11      16      14      11      15       9      16  56.420
     10      15      19      13       8      11      17       5  56.580
      9      11      14      12      17      15      16      15  56.740
     13      16      23      10      12      14      18      15  56.900
     14      15      14      10      17      12      10      22  57.060
     14      23      21      22      31      33      50      37  57.220
     33      35      26      31      35      44      35      50  57.380
     69      65      80      75      83      62      58      46  57.540
     46      52      59      45      51      37      29      33  57.700
     24      18      18      12      19      17       8      18  57.860
     10      13      18      16      22      11      15      19  58.020
      9      10       8      17      16       7       7      15  58.180
     15       7      11      12      19      10      12      16  58.340
      8      14      15      19      18      16      22      21  58.500
     14      18      24      15      12      15       7       8  58.660
     20      14      25      19      17      18      16      10  58.820
     19      16      23      15      17      13      13      20  58.980
     21      22      21      16      15      19      11      20  59.140
     12      16      21      20      13      12      22      11  59.300
     13      25      25      14      19      15      22      19  59.460
     28      30      21      28      32      32      42      31  59.620
     46      39      29      44      66      62      70     101  59.780
    124     149     192     333     480     728     910     951  59.940
    854     592     374     281     295     372     497     518  60.100
    459     339     207     125      91      58      53      45  60.260
     37      37      47      40      27      29      27      31  60.420
     20      27      30      22      26      18      16      11  60.580
     19      18      14      15      20      20      34      18  60.740
     18      23      21      12      18      14      16      17  60.900
     21      16      17      18      18      19      16      20  61.060
     20      22      17      21      20      21      17      29  61.220
     19      20      20      18      27      11      20      20  61.380
     22      16      25      16      17      17      13      14  61.540
      9      13      15      14      12      10      19      13  61.700
     18      12      12      10      18      13      13      15  61.860
     11      10      12      11      19      20      13      15  62.020
      8      14      16      16      13      12       9      12  62.180
     12      10      18      13      17      20       9      12  62.340
     21      15      10      14      12      10      12      17  62.500
     11      12      11      13      18      15      18      12  62.660
     13      12      22      17      14      16      14      20  62.820
     16      13      14      17      13      12      15      12  62.980
     15      13      19      12      15      11       9      13  63.140
     19       9      15      15      14       9      17      16  63.300
     14      14      20      17      18      15      12      19  63.460
     18      14      20      18      12      14      11      13  63.620
     17      15      21      22      22      18      22      24  63.780
     23      20      28      25      45      51      55      75  63.940
     93     145     203     198     148     104      59      65  64.100
     56      89      90     106     107      97      70      44  64.260
     23      32      24      26      23      15      15      15  64.420
     22      16      19      11       9      14      16      11  64.580
     16      13       9      13      11      14      18       9  64.740
     11      12      21      12      12      14      13      17  64.900
     17      15      15      18      16      12      19      16  65.060
     13      12      10      14      12      15      16      16  65.220
     15      13      19      18       7      22       8      17  65.380
     14      19      14      12      17      14      14      17  65.540
     16      19      13      18      30      17      25      37  65.700
     54      53      73      52      58      21      28      30  65.860
     37      27      41      44      42      31      27      21  66.020
     15      17      25      14      10      19      12      13  66.180
     16      15      26      15      31      29      14      15  66.340
     27      26      23      26      32      24      37      39  66.500
     31      37      22      25      21      38      26      24  66.660
     20      28      22      20      18      19      21      25  66.820
     16      19      18      24      30      22      22      18  66.980
     10      16      25      28      22      27      22      34  67.140
     36      21      20      24      20      20      27      20  67.300
     39      31      33      41      43      34      35      44  67.460
     50      36      45      59      78      91     110     147  67.620
    200     311     412     524     617     497     371     239  67.780
    192     160     172     228     309     324     322     309  67.940
    241     194     180     207     272     368     486     676  68.100
    717     660     533     372     312     322     431     638  68.260
    704     729     678     510     379     218     186     204  68.420
    214     281     264     244     180     109      85      54  68.580
     53      50      48      35      34      31      37      33  68.740
     26      35      31      29      26      28      26      31  68.900
     21      20      21      19      19      20      14      14  69.060
     21      19      31      26      24      18      26      25  69.220
     25      14      21      12       9      13      13      14  69.380
     18      16      19      20      19      19      15      13  69.540
     13      16      11      11      17      23      15      15  69.700
     18      12       9      17      17      17      15      19  69.860
     19      11      14      14      15       8      12      14  70.020
     19      16      11      19       4       9      15      11  70.180
     22       8      13      16      13      15      15      10  70.340
     14      28      19      22      14      17      21      21  70.500
      5      16      17      15      11      12      13      13  70.660
      9      19      16      16      12      10      11      11  70.820
     13      13      19      14      14      15      19      11  70.980
     12      15      21      12       8      13       8      16  71.140
     10       9       8      11      18       6       8      10  71.300
     10      13       9      12      14      14      11      16  71.460
     14      14      15       9      16      12      13      14  71.620
     11       9       9      12      18      21      15      11  71.780
     11      12      12      13      14      11      19      11  71.940
     13      17      13       9       9      17      13      12  72.100
     13       8       9      11      17      14      13      10  72.260
     16      11      12      13      18      11       9       7  72.420
      6      12      16       9      16      10      22      16  72.580
     11      18      12      12      12      13      15       7  72.740
     15      11      16       6      15      17      17      14  72.900
     20      10      20      19      16      18      16      21  73.060
     22      18      15      22      22      20      16      19  73.220
     18      26      45      39      51      65      80     124  73.380
    142     187     222     200     149      74      61      53  73.540
     56      57      80      84      96     105      78      64  73.700
     53      34      21      19      17      19      13      15  73.860
     18      21       7      21      13      11      14       9  74.020
     17      14      13      14      16      12      15      21  74.180
     19      20      15      18      13      16      13      21  74.340
      9      19      14      24      19      12      19      15  74.500
     13      18      10      14      13       7      18      14  74.660
     17       8      11      11      17      10      13      21  74.820
     12      12      12      20      16      14      12      24  74.980
     14      16      18      11      10      14      10      21  75.140
     16      19       8      20      16      18      20      24  75.300
     17      18      20      20      24      26      32      39  75.460
     49      57      66      94     107     194     221     256  75.620
    274     212     160     119      61      69      67      86  75.780
    115     112     161     160     103     110      52      31  75.940
     40      28      25      24      23      15      17      23  76.100
     10      22      15      16      20      18      14      20  76.260
     19      16      17      11      12      10      16       9  76.420
     12      19      20      13      16      13      17      19  76.580
     10      14      13      11      14      16      21      28  76.740
     24      27      37      25      27      22      28      23  76.900
     19      30      24      19      32      22      32      31  77.060
     28      27      19      23      22      31      25      17  77.220
     19      21      19      20      25      20      16      22  77.380
     29      28      33      33      28      41      46      45  77.540
     54      91     103     144     149     145     106      64  77.700
     47      56      38      45      46      47      69      69  77.860
     80      73      48      44      28      21      22      24  78.020
     22      25      17      12      16      19      23      13  78.180
     16      13      17      24      16      10      15      10  78.340
     15      17      18      10       6      13       7      10  78.500
     12      16      18      10      15      16      17      12  78.660
     10      14      13      13      10      19      16       9  78.820
     16      25      10      14      12      16      15      15  78.980
     18      13      17      18      21      18      19      24  79.140
     10      18      13      14      16      17      16      19  79.300
     18      20      18       9      19      16      23      22  79.460
     27      17      19      21      26      20      14      35  79.620
     30      36      41      45      52      72      77     120  79.780
    180     221     251     254     228     182     113      99  79.940
     94     132     154     151     161     156     184     158  80.100
    125      96      81      82      47      65      67      55  80.260
     57      40      47      33      25      33      21      21  80.420
     14      25      20      27      22      25      23      17  80.580
     23      18      26      20      16      30      30      29  80.740
     25      28      29      30      26      24      24      36  80.900
     24      36      37      32      51      65      68     101  81.060
    115     167     213     193     211     152     126      72  81.220
     68      65      78     101     104     143     165     214  81.380
    207     245     310     244     259     194     138      64  81.540
     60      75      65      80      83     100     117     130  81.700
    132     106      82      55      32      29      29      22  81.860
     29      21      23      27      21      20      18      11  82.020
     16      24      11      15      15      20      20      11  82.180
     16      18      21      21      19      21      13      14  82.340
     10      17      11      16      15      11      11      22  82.500
     26      16      14      13      22      16      12      27  82.660
     14      17      17      12      20       9      18      16  82.820
     15      11      13      17      14      12       8      11  82.980
     10      13      11      17      16      19      18      16  83.140
     10      11      10      18      22      15      16      13  83.300
     20      19       8      15      13      15      10      17  83.460
     18      19      17      25      21      23      24      20  83.620
     41      43      45      72      73      95     123     174  83.780
    158     157     130      73      69      53      34      42  83.940
     45      52      47      71     110     102      82      83  84.100
     46      37      26      19      11      21      12      17  84.260
     16      22      15      14      10      17      17      11  84.420
     12      12      11      19      11      14       9      12  84.580
     17      12      12      13      11      14      15      11  84.740
     21      18      15      16      18      25      26      29  84.900
     32      29      24      18      23      15      18      10  85.060
     17      16      16      24      19      23      27      21  85.220
     15      13      16      10       9       9      10      11  85.380
     17      13      10      15      13       6      11      10  85.540
     12       9      15      14      14      13      14      18  85.700
     11      16       3       9       4       6      15       7  85.860
     12       7      12      10      14      11       5       5  86.020
     11      11       9      13       9      11       9      12  86.180
     14      14      18      10      14      18      11      16  86.340
      8      20      10      13       7      14      12       7  86.500
     12       6      12      11      14      14      10       9  86.660
     17      15      10      13       9      10      17      14  86.820
     12       6       6       9      15      13       7       8  86.980
      7       9      15       9       6       8       7       7  87.140
     14       9      10      10      12      13      10      22  87.300
     20      22      29      21      32      38      37      20  87.460
     19      16      10       7      10      14      14      16  87.620
     23      24      24      20      23      18      11      17  87.780
     13       5      13      14      11      14      10       6  87.940
     11      12      11      12       9      12      12       4  88.100
     12       5      13       7       7      15       6       9  88.260
      9      14      11      12      11      12      10       6  88.420
      7      10      13      13      12       9      16       7  88.580
      4       7       3      19      12      15       8       6  88.740
     14      10      13      11      10      13      18      19  88.900
     22      15      13      15      10      14      12       9  89.060
     14      13      14      10      17      15      16      13  89.220
     18      14      15      18      12       9       9       8  89.380
     10       6       6       9       6       4      12       6  89.540
     12       8      12       6       7      10      11      15  89.700
     10       5      14       8       8       7      12      13  89.860
     17      10       9       7      14      10       8      12  90.020
     14      11      15      20      10      10      11      12  90.180
     13       5      12      16      13      10      15      21  90.340
     20      17      20      20       7      18      13      23  90.500
     11      25      28      26      27      29      27      47  90.660
     69      75     114     133     188     250     240     213  90.820
    140     113      76      58      51      42      71      73  90.980
     78      88     115     123     134     114     116      83  91.140
     57      41      26      28      28      22      14      21  91.300
     17      21      16      12      11      15      16      16  91.460
     18       9      12      16      18      12      16      15  91.620
      9      13      11      13      15      17      19      19  91.780
     19      14       9       8      12      16      12      14  91.940
     18      12      10       9      19      11      10       8  92.100
     11      11       6      15      10       9      13      18  92.260
      7       5       6      19       9      11      16      14  92.420
      8      19       5      11      19       8       8      18  92.580
     14      15      24      31      32      37      56      69  92.740
     52      61      49      29      35      19      14      15  92.900
     25      17      31      27      28      37      33      37  93.060
     34      28      17      12      16      18      13      11  93.220
     12      10      12      15      13      11      11      19  93.380
     15       9      13      14      15      12      12      16  93.540
      6      11       2       4      15       8      10      10  93.700
     14      12      13      14      11      12       4      11  93.860
     18      15      14      11      12      15       9      19  94.020
     17      12      10      12      19       7      15       9  94.180
     15       9      17       9      13      23      18      19  94.340
     13      12      22      26      18      28      48      44  94.500
     41      78      91     103     136     123      95      66  94.660
     55      48      36      30      33      38      40      45  94.820
     45      50      63      62      75     112      72      70  94.980
     68      76     101     109      94      95      76      57  95.140
     58      43      34      35      39      21      35      37  95.300
     39       8      59      57      56      71      36      41  95.460
     36      26      20      21      24      17      10      18  95.620
     21      12      15      21      20      11      13      12  95.780
      8      14      16      11      11      13      17      15  95.940
     16       9      23      32      31      26      45      42  96.100
     57      76      98     118     137     132     103      66  96.260
     72      38      33      40      34      36      31      40  96.420
     40      47      47      72      73      71      61      38  96.580
     33      23      31      24      14      20      16      10  96.740
     11      17      19      16      13      10       7      16  96.900
     13      14      14      14      12      14      14       7  97.060
     10       6       9      15      13       5      15      11  97.220
     12      11       8      13      11      11      11      14  97.380
      6      12       9      13       9      13      16       4  97.540
      8      12       6       6      13       9      10      11  97.700
      7      11      19      10      16       9       9       2  97.860
     20      11      11      12      13      11       7      16  98.020
      9       9      12       8       9      18      10      17  98.180
     13      14      16      13      13      16      12      13  98.340
     16      14      16       9      11      24      22      19  98.500
     16      21      36      44      57      48      65      71  98.660
    108     129     123      96      67      50      33      32  98.820
     31      26      15      34      25      31      29      56  98.980
     62      63      75      62      52      31      27      17  99.140
     19      22      14      19      14      12      12       7  99.300
      9      15       9       5       7      12      12      14  99.460
      9      15      12       4       6       5      12      11  99.620
     10      13      13      15      10      13      10      15  99.780
      9       7      11      15       4       8      12       7  99.940
      8       6       8       7       8      15       7      16 100.100
      9      14       8       2       9       7      12      10 100.260
      9      16       7      15       6      10      13      15 100.420
     15      12       6       9      13       4       7      14 100.580
     10       6       8      13      11      16       9       6 100.740
      9      11      15       7      15      10      12      10 100.900
     19      16      11      16      12      18      19      15 101.060
      9       9      13      12      12      16      12      13 101.220
     16      13      14      12      12      12      12      14 101.380
     13      15       8       9      15       8      15      15 101.540
     14       7      12      15      12      16      10       9 101.700
     12      17       7      16      17      12      13      19 101.860
     11       7      13      23      19      22      17      25 102.020
     31      40      30      53      53      79      87      87 102.180
     94      88      80      59      45      35      35      32 102.340
     29      28      42      32      50      47      60      95 102.500
    105     108      89      66      70      39      31      29 102.660
     23      23      18      21      23      28      22      24 102.820
     35      32      39      40      24      27      24      24 102.980
     25      12       9      17      18      23      16      16 103.140
     11      13      15       8       8       7      15      10 103.300
     16      10      13       9      15      10      16      13 103.460
     12      14      10      19      17      10      18      16 103.620
      7      20      11      22      17      19      23      18 103.780
     48      46      39      48      28      25      31      19 103.940
     21      19      25      34      28      34      38      58 104.100
     56      73      80      66      65      49      46      38 104.260
     28      25      23      27      20      16      21      27 104.420
     32      33      34      26      39      32      33      24 104.580
     19      18      25      14      19      11      13      10 104.740
     13      11      10      10      14      11      12      15 104.900
     14       4       9      11      12      12       9      14 105.060
     10      12       5      10       4       9      20      18 105.220
     16      14      14       9      17      10      15      15 105.380
     11      15      15      11      19      13      11      10 105.540
     15      15       6       6      12       6      14       6 105.700
     16      10      13      11      13      17      17       7 105.860
     12       7      17      12      17      15      23      15 106.020
     19      16      19      17      22      20      20      20 106.180
     15      16      25      20      21      22      21      18 106.340
     19      32      29      38      58      60      65      84 106.500
    121     129     142      98     137      89      62      54 106.660
     42      27      23      43      28      26      30      34 106.820
     43      41      41      64      68      68      66      63 106.980
     52      45      30      33      25      26      21      17 107.140
     10      16      13      12      16      21       9       9 107.300
     13      11      10      11      12       8      10      13 107.460
     10      15      12       7      18      12      10      11 107.620
     13       8       8      16      15       8      11      18 107.780
     11       6       8      16       9       9       9      10 107.940
     10       8       4      12       9      12      12      13 108.100
      8      19      11      10       7      10       9      15 108.260
      9      13      10      10       7      19       4      14 108.420
     13      13      15      12      10      10      10      13 108.580
     14      17       4       9       8       4       8      10 108.740
     12       9      14       8      10      15       9       8 108.900
     10      11       5      10       8      11      18      11 109.060
     15      10      10       7       5       6      11      10 109.220
     16       5      10      10       5       9      11       6 109.380
     12      16      16       9       6      13       6      10 109.540
      7      15       6       5      10       7       7      12 109.700
      8      11      14       9      12       7       9      15 109.860
      6      13       7       8       9       7       4      12 110.020
     15       3       8       8       8      16      10      10 110.180
      8       9      11       8      12      10       7      10 110.340
     11       9      11       8       7       9       8      10 110.500
     13       9      14       7      10      12       5       9 110.660
     10      12      14       5      19       8       9      14 110.820
     24       9      12      16      12      11      11       7 110.980
      9       6      13      11       9      14      13      12 111.140
      8      14       5      10       9      12      12       6 111.300
     10      12       4       8      10      11       9      15 111.460
      9       6      10       5      10      14      10      10 111.620
      7       4      13      11      12       6       7      15 111.780
      6       8       8      11       8       9      11      10 111.940
     15      10      12      12      16      15      17      12 112.100
     13      21      13       9      13       8      18      11 112.260
      8      10       6       9      17       8      16       8 112.420
     14      19      20       9      15      12      14      18 112.580
     11      14      13      10      10       9      12       9 112.740
      9      14      10       8      13       5      17      13 112.900
     11      13       7      10      18      14      14      13 113.060
     11      12      13       7      10      17       6      16 113.220
     13      16      11      21      12       9       9      16 113.380
      5      11      18       8      13      17      14      16 113.540
      8      10      15      17      13      13      18      19 113.700
     12      27      17      20      27      21      22      23 113.860
     27      35      33      38      27      56      70      77 114.020
     60      49      33      37      44      29      27      25 114.180
     33      32      34      31      48      44      66      66 114.340
     94      91     141     144     166     131     107     110 114.500
    118     136     132     127     130     140     102      89 114.660
     70      44      49       1      45      44      49      71 114.820
     72      62      67      61      53      67      56      57 114.980
     59      80      72      70      57      42      43      37 115.140
     31      30      22      28      23      19      15      17 115.300
     16      22      14      16      18      20      13      16 115.460
     22      14      20      18      18      21       8      17 115.620
     17      17      24      29      29      39      35      50 115.780
     47      53      59      47      48      35      22      25 115.940
     17      29      28      19      17      32      25      16 116.100
     14      16      27      22      33      28      25      34 116.260
     28      41      28      27      20      21      17      21 116.420
     17      12      28      17      14      17      21      13 116.580
     11      13      15      14      11      15      13      12 116.740
     21      15      14      12      13      14      21      17 116.900
     10      14       5      18      21      17      12      11 117.060
     11      11      14      15      19      18      15       6 117.220
     18      19      13      15       9      16      18      20 117.380
     14      10      20      27      20      24      18      22 117.540
     22      20      24      13      19      14      11       8 117.700
     17      18      10      14      13      20      15      20 117.860
     19      24      23      21      33      28      21      26 118.020
     25      25      23      31      30      29      41      59 118.180
     68      62     100     100      96     100      71      59 118.340
     45      34      39      25      24      25      16      20 118.500
     29      21      18      25      21      26      45      27 118.660
     43      43      52      58      62      46      32      24 118.820
     22      33      21      22      23      16      20       9 118.980
     16       6      12      11      12      18      17      13 119.140
     18      10      15      12      14      13      11       9 119.300
     12      16      21       9      11      15      17      19 119.460
      9      12      12      15      14      15      11      16 119.620
     14      13      12      14      13      19      12      13 119.780
     19      10      17      18      17      30      18      23 119.940
     32      37      48      48      68      71      94      79 120.100
     75      51      52      42      17      20      18      19 120.260
     25      14      18      16       7      13      27      16 120.420
     23      27      29      24      36       3      37      46 120.580
     37      38      38      32      25      21      17      15 120.740
     25      19       9      16      20      12      18      11 120.900
     11       9      11      12      14       8      15      21 121.060
      8      14      11      18      10      13      16      15 121.220
     10      12      16      12      13       7      12       7 121.380
     12      17      11      10      13      12      17      18 121.540
     10      13      14      11      19      16      18      12 121.700
     21      14      25      30      25      36      32      19 121.860
     26      20      24      12      11       8      14      10 122.020
     11       9      18      20       9      23      17      16 122.180
     18      20      16      15      17      13      27      24 122.340
     29      30      23      39      33      40      45      49 122.500
     55      97      51      60      45      55      37      33 122.660
     22      31      18      23      17      17      14      20 122.820
     12      16      24      17      23      20      27      31 122.980
     28      29      46      39      45      35      31      30 123.140
     17      24      24      16      27      19      20      17 123.300
     12       8      12      10      11      15      14      10 123.460
      5       9       7       7      10      11       8      10 123.620
      8       9      11      15      11      17      12      10 123.780
     10      13      12      14      10      12       6       9 123.940
     18      17      15       7       9      15      11      10 124.100
     20      14       5       5      12      15       7      11 124.260
     14      11       9      10      13       4      12       1 124.420
      8      11      10      16       8      13       7      12 124.580
     10       7      10       6       8      10      15      15 124.740
      4       9       8      11       6       5      11      12 124.900
     12       5      10       8      12       8       3      11 125.060
     12       6       8       9       8      14      11      16 125.220
     13       6       6      10      11       9       6       9 125.380
     11       7      11       6      14      13      14       9 125.540
      5       9       9      10      13      10      10      10 125.700
     10       9      10       7       8      11      13       9 125.860
      9       9      12       7       9      10      10       8 126.020
      8      14      12      10      10       5       8       4 126.180
      8       7      10       5       7       8      11       8 126.340
      8       9      10      10       4       9      12       9 126.500
     16       9      11      10      11      13      12      11 126.660
     10       7      18      10      10      10      13       9 126.820
     15       9       9      12      17      10      13      12 126.980
     14      12      18      11      16      16      13      26 127.140
     22      23      27      19      18      16      21      28 127.300
     15      13      21      15      14      10      16      11 127.460
     21      21      11      20      15      18      16      10 127.620
     17      20      23      17      28      22      20      23 127.780
     20      14      24      14      15      12      13      12 127.940
      9      13      11       7      11      19      10      15 128.100
     13      18      13      16      11      17      19      17 128.260
     19       9      16      15      14      10       9       8 128.420
     20       9       7      17      12      10      13       8 128.580
      2       9      14       7       5      20      11      13 128.740
     11      11      15       7      11       9      12       9 128.900
     14       8      11       9      13      12      12      10 129.060
      7       6       9      10      12       7       7       7 129.220
     10      11      10      12      20       8       8       8 129.380
     20      13      10      11      12      14      15       9 129.540
      8      15      13      11       7      13      14      10 129.700
     20      10       5       7      14       8      10      14 129.860
     11      10      12       8      15      17       9      11 130.020
     12      14       6      11       8      14      13      16 130.180
     10      10       6       8       7       8      13      13 130.340
      9       6       6       9       9      13      18      11 130.500
     13      12      10      12      13      18      11      12 130.660
     12       9      10      12      17      11      12      17 130.820
     10      12       8      11      11      20      17      24 130.980
     15      12      25      25      27      30      25      28 131.140
     37      36      25      21      19      21      14      13 131.300
     13      14      18      13      18      18      13      17 131.460
     11      11      11      14      12      15      16      13 131.620
     12      17      15      20      17      17      23      17 131.780
     20      21      19      25      20      15      22      11 131.940
     13       8      14      15       9      10      10      14 132.100
     11       9      14      13      10      16      13      13 132.260
     16      22       7      12      14      15       6      12 132.420
     10      14      13      12      18      16      19      13 132.580
     15      16      26      26      26      20      21      21 132.740
     22      17      30      17      16      18      19      11 132.900
     13       8      15       9      12       9      15      10 133.060
     20      12      13      16       9      11      15      17 133.220
     15      11      16      11      16      11      13      15 133.380
     14      12      16      17      11      18       7      12 133.540
     16      11      22      13      12       9      11       6 133.700
      9       6      10      14      18      13      13       7 133.860
     10      10      15      15      17      19      12      13 134.020
     10       9      17      17       9      12      11      18 134.180
     10      17      37      22      35      23      21      20 134.340
     18      13      19      13      10      10      10      14 134.500
     13      88      14      12      16      14      12       9 134.660
     14      14      22      25      19      12      16      17 134.820
     14      17      19      21      18      16      16      17 134.980
     10      20      13      18      18      12      19      14 135.140
     10      16      17      14      18      17      19      21 135.300
      8      14      11      19      13      17      11      14 135.460
     22      16      22      14      17      16      18      20 135.620
     14      25      15      18      21      22      20      18 135.780
     23      30      25      22      28      32      28      20 135.940
     25      24      22      20      31      28      26      35 136.100
     34      33      27      38      33       1      40      51 136.260
     70      76      98     114     131     103     109      85 136.420
     89      73      58      46      45      37      40      48 136.580
     29      32      33      23      33      27      25      34 136.740
     25      32      37      23      21      30      31      32 136.900
     39      35      35      33      53      62      63      82 137.060
     72      70      57      43      50      45      40      36 137.220
     35      37      27      22      32      29      21      32 137.380
     19      26      26      19      27      19      23      33 137.540
     34      37      30      35      35      44      57      57 137.700
     59      73      83     110     107     125     117     125 137.860
    144      83      93      70      62      44      34      41 138.020
     37      35      32      28      30      29      18      26 138.180
     24      33      27      21      23      27      28      30 138.340
     32      24      20      29      31      40      44      45 138.500
     54      55      64      63      83      73      57      57 138.660
     48      39      37      34      27      27      28      29 138.820
     14      26      21      25      19      20      20      25 138.980
     15      14      19      20      23      27      17      19 139.140
     11      13      15      19      12      10      13      23 139.300
     14      17      15      14      12      10      14      13 139.460
     18      17      23      23       7      22      13       8 139.620
     17      19      16      22      15      19      14      26 139.780
     20      14      15      20      29      25      14      12 139.940
     11      25      23                                         140.000
